52
Philippe2009_Acropora_millepora_45264_Gene_0085              0.0000000 0.6886432 0.1442359 0.3159239 0.3418278 0.7614362 0.3134639 0.3993287 0.4763239 0.9807734 0.3266195 0.3643533 0.3227352 0.6629457 0.3471526 0.3288405 0.9262897 0.3124626 0.3239593 0.3541147 0.3064330 0.3543774 0.2847096 0.4519218 0.2654933 0.5727015 0.3726293 0.7078749 0.5813152 0.1626675 0.3610067 0.2043912 0.4106886 0.3538131 0.3296498 0.4141699 0.6430588 0.5808521 0.3263219 0.5921216 0.6542634 0.3249127 0.3142087 0.6830615 0.6586678 0.3916559 0.6151316 0.4306374 0.4499941 0.3826897 0.3913167 0.5827048 
Philippe2009_Allomyces_macrogynus_28583_Gene_0085            0.6886432 0.0000000 0.2199696 0.6013764 0.6975440 0.5618460 0.5851175 0.7099368 0.7615451 0.7345086 0.7099079 0.6242629 0.6508994 0.9551331 0.6659847 0.6231674 0.8025539 0.6428956 0.6367877 0.6821178 0.6768092 0.6452113 0.7430652 0.6037292 0.7108415 1.1150264 0.7884018 0.7718178 0.6870796 0.7156976 0.6732209 0.6884948 0.7046593 0.6521547 0.6982555 0.7940094 0.3762897 0.9897360 0.6827621 0.6453815 0.3965968 0.6931261 0.6889709 0.6601838 0.4503042 0.8069146 0.5157749 0.7008534 0.6109868 0.7547546 0.6556222 1.0699820 
Philippe2009_Amoebidium_parasiticum_4881_Gene_0085           0.1442359 0.2199696 0.0000000 0.1251432 0.2464805 0.2830601 0.1778273 0.1517239 0.2015087 9.0000000 0.1729545 0.2018892 0.1471288 9.0000000 0.1860438 0.1437323 0.2285187 0.1652440 0.1845400 0.1063910 0.1422138 0.2016673 0.1882756 0.1763945 0.2184119 0.1440671 0.1556182 0.4772259 0.2777736 0.1638829 0.2150887 0.1442673 0.1993675 0.1932341 0.2467134 0.2857268 0.2546560 0.1928523 0.1820839 0.2474705 0.2311069 0.1063910 0.1672926 0.0925813 0.2178280 0.1955629 0.2282191 0.2242427 0.2439770 0.1772734 0.2343914 0.2323076 
Philippe2009_Anoplodactylus_eroticus_488521_Gene_0085        0.3159239 0.6013764 0.1251432 0.0000000 0.3211659 0.8720102 0.2848201 0.3513581 0.4935196 0.8752331 0.2625121 0.3561385 0.2690460 0.3848119 0.2989018 0.2664842 0.8867743 0.2637364 0.2871217 0.2732212 0.3652382 0.3791181 0.3198999 0.3773163 0.3385626 0.5414093 0.2693021 0.7066525 0.5899532 0.3019110 0.3342360 0.3111212 0.4433147 0.3338178 0.3778915 0.3585659 0.7255979 0.5434341 0.3840276 0.6511388 0.6769043 0.2869376 0.2480960 0.6462168 0.7002631 0.3303957 0.5634273 0.3647598 0.4564152 0.2620190 0.3588728 0.5433311 
Philippe2009_Aplysia_californica_6500_Gene_0085              0.3418278 0.6975440 0.2464805 0.3211659 0.0000000 0.8585109 0.3080995 0.3565666 0.4795805 1.3740315 0.2563274 0.3193333 0.3043209 0.4863318 0.3310715 0.2898900 0.9478818 0.3026204 0.3297441 0.3663925 0.2889689 0.3285323 0.3145980 0.3852933 0.3361851 0.6237058 0.3388637 0.7852737 0.6270162 0.3198568 0.3902255 0.3248366 0.4076022 0.3551176 0.4030887 0.3959594 0.6622440 0.6446127 0.3177019 0.6935177 0.6768536 0.3186990 0.2885464 0.8126084 0.6719549 0.3794361 0.5748289 0.4239913 0.5132154 0.3544510 0.4034777 0.5606152 
Philippe2009_Batrachochytrium_dendrobatidis_109871_Gene_0085 0.7614362 0.5618460 0.2830601 0.8720102 0.8585109 0.0000000 0.8071402 1.0005997 0.9220713 1.8430245 0.8578016 0.7955694 0.9079689 1.1385239 0.8489621 0.8467458 1.0403134 0.8043340 0.8612726 0.8085988 0.7657966 0.8584785 0.8561056 0.9726110 0.8488399 1.3169560 1.0344257 0.8203169 0.6970778 0.7566933 0.8521306 0.7896695 0.9028739 0.8274203 0.8212854 0.9008758 0.5858140 1.1877488 0.8376464 0.7520872 0.6033959 0.8764571 0.8126046 0.7544959 0.3458605 0.9143640 0.7852320 0.9636474 0.8385817 0.8401426 0.8528776 1.3529128 
Philippe2009_Branchiostoma_floridae_7739_Gene_0085           0.3134639 0.5851175 0.1778273 0.2848201 0.3080995 0.8071402 0.0000000 0.3230327 0.4900611 0.9007526 0.2584524 0.3729293 0.2690245 0.6070697 0.3066698 0.2909517 0.8799356 0.2484479 0.2403223 0.3014209 0.3555990 0.3647590 0.2907637 0.4128870 0.3165176 0.5974633 0.3082808 0.5863324 0.6072361 0.2983761 0.3323929 0.2708328 0.3402927 0.3127670 0.3038676 0.4298106 0.5812346 0.5728563 0.3516557 0.5911849 0.5536283 0.3237869 0.2770557 0.6611542 0.6319906 0.3905079 0.5843631 0.4286357 0.4700719 0.2798345 0.3620616 0.6378389 
Philippe2009_Capitella_teleta_283909_Gene_0085               0.3993287 0.7099368 0.1517239 0.3513581 0.3565666 1.0005997 0.3230327 0.0000000 0.5529723 1.1548672 0.3698440 0.4308609 0.3057542 0.4907054 0.3963428 0.3875832 0.7884484 0.3490628 0.3632802 0.3659926 0.3773043 0.3977220 0.3732188 0.4210125 0.3849791 0.6147547 0.3497778 0.6934022 0.6515758 0.4125254 0.4122849 0.3638654 0.4624754 0.4001564 0.4357623 0.4733927 0.7861865 0.5659591 0.3632930 0.6693976 0.7304806 0.3436669 0.3391678 0.7361636 0.7131094 0.3909823 0.6018519 0.5197568 0.5383129 0.2807300 0.3677775 0.6270141 
Philippe2009_Capsaspora_owczarzaki_192875_Gene_0085          0.4763239 0.7615451 0.2015087 0.4935196 0.4795805 0.9220713 0.4900611 0.5529723 0.0000000 1.2953142 0.5462118 0.5562859 0.5483956 0.9461991 0.6136548 0.5872133 0.9070384 0.5193168 0.5191757 0.5293941 0.5273387 0.5353046 0.5477306 0.6370197 0.4966437 0.5987650 0.5757118 0.7098374 0.6336556 0.4843639 0.5901026 0.4662295 0.5011038 0.5513559 0.5178799 0.6650389 0.7200771 0.5340777 0.5376430 0.7183461 0.7175169 0.4769189 0.4975654 0.7013457 0.7107848 0.6121210 0.6629978 0.5383015 0.4956506 0.5507584 0.6962486 0.6096810 
Philippe2009_Carteriospongia_foliascens_593584_Gene_0085     0.9807734 0.7345086 9.0000000 0.8752331 1.3740315 1.8430245 0.9007526 1.1548672 1.2953142 0.0000000 1.1423902 1.0451570 0.9939208 0.9146151 0.8042542 0.9574016 1.0315558 1.0795287 1.0749309 0.8013400 1.0737649 0.9626454 0.9490472 1.0661235 1.0678877 1.8259312 0.9874453 1.0013276 1.4264804 0.9682810 0.9291353 1.2057213 1.3195631 1.1235990 1.1347823 0.9055749 1.4941147 1.6453591 1.1388397 0.7774052 1.4561667 0.7452895 0.9982511 1.6083835 1.2782080 0.8250161 0.4649824 0.8990947 0.9525271 0.9844341 0.9669838 1.7367855 
Philippe2009_Ciona_savignyi_51511_Gene_0085                  0.3266195 0.7099079 0.1729545 0.2625121 0.2563274 0.8578016 0.2584524 0.3698440 0.5462118 1.1423902 0.0000000 0.3405887 0.2331974 0.3257890 0.3093714 0.3112974 0.9199609 0.2972113 0.3101757 0.3095413 0.3474210 0.3953103 0.3118918 0.4203558 0.2866992 0.6218547 0.1923908 0.7306590 0.6141595 0.2653537 0.3381026 0.2586224 0.4283327 0.2779680 0.3863706 0.3809522 0.6712573 0.6660221 0.4005704 0.6801473 0.6484660 0.2759280 0.3140921 0.6943971 0.6183077 0.3638727 0.5973678 0.3857953 0.5530016 0.2890563 0.3492667 0.5584250 
Philippe2009_Clytia_hemisphaerica_252671_Gene_0085           0.3643533 0.6242629 0.2018892 0.3561385 0.3193333 0.7955694 0.3729293 0.4308609 0.5562859 1.0451570 0.3405887 0.0000000 0.2453418 0.4803039 0.3416127 0.3364897 0.8606001 0.3818925 0.4556682 0.3873924 0.2452296 0.2295352 0.3601176 0.3591252 0.3520777 0.6646355 0.4197934 0.7598773 0.6134621 0.3002769 0.3946471 0.3203715 0.4634766 0.3792375 0.4107478 0.4225706 0.7170292 0.6513840 0.2577302 0.6065193 0.7480629 0.3572463 0.3508386 0.6611484 0.6493008 0.4130154 0.5411597 0.4054489 0.4798775 0.4152951 0.4065111 0.6492210 
Philippe2009_Crassostrea_gigas_29159_Gene_0085               0.3227352 0.6508994 0.1471288 0.2690460 0.3043209 0.9079689 0.2690245 0.3057542 0.5483956 0.9939208 0.2331974 0.2453418 0.0000000 0.4594875 0.3043595 0.2452481 0.8589200 0.2595567 0.2952608 0.3173992 0.2964301 0.2925309 0.3168898 0.3663221 0.3075145 0.6284641 0.3076079 0.6690845 0.6071622 0.2512576 0.3230322 0.2777287 0.4394952 0.2903186 0.3363896 0.3835189 0.7069652 0.5989599 0.2964792 0.5907307 0.7169236 0.2993766 0.2518297 0.6692593 0.6506573 0.3258835 0.5373727 0.4137452 0.4723618 0.2983758 0.3257703 0.6097924 
Philippe2009_Cyanea_capillata_27804_Gene_0085                0.6629457 0.9551331 9.0000000 0.3848119 0.4863318 1.1385239 0.6070697 0.4907054 0.9461991 0.9146151 0.3257890 0.4803039 0.4594875 0.0000000 0.5800444 0.6976376 1.2318110 0.5289570 0.7096924 0.5726403 0.4375738 0.6105311 0.7343581 0.5670892 0.5261807 0.8037266 0.3953759 1.2434393 0.8618168 0.6140321 0.3630894 0.5931519 0.6939056 0.5893421 0.6893897 0.6014949 0.7876418 0.9785399 0.6598744 1.2517277 0.7010480 0.3413312 0.5355288 1.0597051 1.0864861 0.5833145 0.8929868 0.5380975 0.6124064 0.4315821 0.3956511 0.5182366 
Philippe2009_Danio_rerio_7955_Gene_0085                      0.3471526 0.6659847 0.1860438 0.2989018 0.3310715 0.8489621 0.3066698 0.3963428 0.6136548 0.8042542 0.3093714 0.3416127 0.3043595 0.5800444 0.0000000 0.3142268 0.8706960 0.3369701 0.3839586 0.2882408 0.3475588 0.3742035 0.3114879 0.4630317 0.3336141 0.6268923 0.3754639 0.7846400 0.6040406 0.2899986 0.3551583 0.3222935 0.5027368 0.3723971 0.3981046 0.1800976 0.7293972 0.6744003 0.3539017 0.6463836 0.6804038 0.3532546 0.3426607 0.8291667 0.6417780 0.3676320 0.5683663 0.4612687 0.5060349 0.3416361 0.3821192 0.6394743 
Philippe2009_Daphnia_pulex_6669_Gene_0085                    0.3288405 0.6231674 0.1437323 0.2664842 0.2898900 0.8467458 0.2909517 0.3875832 0.5872133 0.9574016 0.3112974 0.3364897 0.2452481 0.6976376 0.3142268 0.0000000 0.9003594 0.1829778 0.2900169 0.3036863 0.3008690 0.3464454 0.2952522 0.3448113 0.3244348 0.6369935 0.3350482 0.6928335 0.6148110 0.2870166 0.3579213 0.3039393 0.4201718 0.3360814 0.2944565 0.4043229 0.6080172 0.6088110 0.3300044 0.6423557 0.7256008 0.3451337 0.2408540 0.6825496 0.7410093 0.3133843 0.5790874 0.4295202 0.4816920 0.2896832 0.4147338 0.6070106 
Philippe2009_Ephydatia_muelleri_6052_Gene_0085               0.9262897 0.8025539 0.2285187 0.8867743 0.9478818 1.0403134 0.8799356 0.7884484 0.9070384 1.0315558 0.9199609 0.8606001 0.8589200 1.2318110 0.8706960 0.9003594 0.0000000 0.7963309 0.9488579 0.9601618 0.8673803 0.8180342 0.9446407 1.0027314 0.7952812 1.1037240 0.9201435 1.0331652 0.7924894 0.9047037 0.9395384 0.8557548 0.9237750 0.9105379 0.8675605 0.8677922 0.8535469 1.0007841 0.6593778 0.7188664 0.8759474 0.8782644 0.8270325 0.9578254 0.8066941 0.9875180 0.6002573 0.9493678 0.8835055 0.8319865 0.8877453 1.1590574 
Philippe2009_Euperipatoides_kanangrensis_488523_Gene_0085    0.3124626 0.6428956 0.1652440 0.2637364 0.3026204 0.8043340 0.2484479 0.3490628 0.5193168 1.0795287 0.2972113 0.3818925 0.2595567 0.5289570 0.3369701 0.1829778 0.7963309 0.0000000 0.2519349 0.2574980 0.3469680 0.3539309 0.2699926 0.4174007 0.2877066 0.6223355 0.3497344 0.6294935 0.6085334 0.3216931 0.3327107 0.2998280 0.4260349 0.3428562 0.3119937 0.4208554 0.6244993 0.5796856 0.3232747 0.5985876 0.6922759 0.3438972 0.1936182 0.7096627 0.7281435 0.3082685 0.6236825 0.4684784 0.4924668 0.2426463 0.3503351 0.5931303 
Philippe2009_Euprymna_scolopes_6613_Gene_0085                0.3239593 0.6367877 0.1845400 0.2871217 0.3297441 0.8612726 0.2403223 0.3632802 0.5191757 1.0749309 0.3101757 0.4556682 0.2952608 0.7096924 0.3839586 0.2900169 0.9488579 0.2519349 0.0000000 0.3777911 0.3653900 0.4226261 0.3251491 0.4772094 0.3615847 0.6624375 0.3939063 0.7006033 0.6298719 0.3395018 0.4544848 0.3517245 0.4413673 0.3837388 0.3592845 0.4604775 0.7063248 0.6091453 0.4055478 0.6835052 0.7010291 0.3812954 0.2897662 0.7566070 0.7196416 0.4010084 0.5765371 0.4617148 0.5415253 0.3187688 0.4083089 0.6384205 
Philippe2009_Helobdella_robusta_6412_Gene_0085               0.3541147 0.6821178 0.1063910 0.2732212 0.3663925 0.8085988 0.3014209 0.3659926 0.5293941 0.8013400 0.3095413 0.3873924 0.3173992 0.5726403 0.2882408 0.3036863 0.9601618 0.2574980 0.3777911 0.0000000 0.3616379 0.3460204 0.3187593 0.4197218 0.3418423 0.6072776 0.3816864 0.6560134 0.6413222 0.3123192 0.3951210 0.2937912 0.4593632 0.3506074 0.3811162 0.3749912 0.7272187 0.6147843 0.3721871 0.5952180 0.6813175 0.2718432 0.2866323 0.7374137 0.7101649 0.3356463 0.6612270 0.4199617 0.4952865 0.2301670 0.3144169 0.5871545 
Philippe2009_Hydra_magnipapillata_6087_Gene_0085             0.3064330 0.6768092 0.1422138 0.3652382 0.2889689 0.7657966 0.3555990 0.3773043 0.5273387 1.0737649 0.3474210 0.2452296 0.2964301 0.4375738 0.3475588 0.3008690 0.8673803 0.3469680 0.3653900 0.3616379 0.0000000 0.1996274 0.3468551 0.3879679 0.3005248 0.6249660 0.3790569 0.7275608 0.5655640 0.2629236 0.3525031 0.2697451 0.4533943 0.3363608 0.3828736 0.4051883 0.7007088 0.6578794 0.1714290 0.5777568 0.7483666 0.3247750 0.3350794 0.6797029 0.5983873 0.3910514 0.5288309 0.4557721 0.4815975 0.3424252 0.4600792 0.6354013 
Philippe2009_Hydractinia_echinata_35630_Gene_0085            0.3543774 0.6452113 0.2016673 0.3791181 0.3285323 0.8584785 0.3647590 0.3977220 0.5353046 0.9626454 0.3953103 0.2295352 0.2925309 0.6105311 0.3742035 0.3464454 0.8180342 0.3539309 0.4226261 0.3460204 0.1996274 0.0000000 0.3537788 0.3890541 0.2916575 0.5812416 0.4323826 0.7097306 0.6409968 0.2864737 0.3391595 0.2700470 0.4434610 0.3620362 0.3748119 0.4174693 0.7132016 0.5968460 0.0861814 0.6543287 0.7702210 0.3454758 0.3375346 0.7318165 0.7006732 0.3972393 0.5352654 0.4145394 0.4478882 0.3856897 0.4516197 0.6154727 
Philippe2009_Ixodes_scapularis_6945_Gene_0085                0.2847096 0.7430652 0.1882756 0.3198999 0.3145980 0.8561056 0.2907637 0.3732188 0.5477306 0.9490472 0.3118918 0.3601176 0.3168898 0.7343581 0.3114879 0.2952522 0.9446407 0.2699926 0.3251491 0.3187593 0.3468551 0.3537788 0.0000000 0.4070080 0.3050257 0.5371228 0.3369257 0.6918400 0.6257166 0.2645436 0.4025601 0.2748737 0.4603153 0.3502926 0.3605076 0.3838255 0.7533066 0.5798769 0.3381414 0.6845890 0.7592639 0.2570619 0.2104604 0.7580596 0.7168751 0.3482806 0.6540561 0.4949324 0.4909520 0.2968660 0.3199581 0.5598324 
Philippe2009_Leucetta_chagosensis_185688_Gene_0085           0.4519218 0.6037292 0.1763945 0.3773163 0.3852933 0.9726110 0.4128870 0.4210125 0.6370197 1.0661235 0.4203558 0.3591252 0.3663221 0.5670892 0.4630317 0.3448113 1.0027314 0.4174007 0.4772094 0.4197218 0.3879679 0.3890541 0.4070080 0.0000000 0.4450184 0.6225432 0.4385969 0.7441260 0.6938295 0.4320750 0.4602505 0.4008309 0.4982958 0.4335975 0.4292153 0.5005896 0.7389547 0.5914235 0.4209362 0.6999271 0.7496323 0.3867865 0.4181593 0.6424628 0.6643418 0.4526660 0.5873370 0.3637925 0.4806449 0.4077766 0.4423417 0.6608063 
Philippe2009_Metridium_senile_6116_Gene_0085                 0.2654933 0.7108415 0.2184119 0.3385626 0.3361851 0.8488399 0.3165176 0.3849791 0.4966437 1.0678877 0.2866992 0.3520777 0.3075145 0.5261807 0.3336141 0.3244348 0.7952812 0.2877066 0.3615847 0.3418423 0.3005248 0.2916575 0.3050257 0.4450184 0.0000000 0.5891015 0.3785590 0.6854384 0.5824153 0.1932248 0.3875340 0.1668722 0.4241530 0.3048549 0.3418015 0.3656680 0.7138988 0.6019848 0.2619525 0.5659696 0.7111957 0.3132003 0.2924037 0.7175836 0.7232476 0.4122346 0.6247349 0.4298950 0.4053881 0.3172792 0.4434611 0.6136218 
Philippe2009_Mnemiopsis_leidyi_27923_Gene_0085               0.5727015 1.1150264 0.1440671 0.5414093 0.6237058 1.3169560 0.5974633 0.6147547 0.5987650 1.8259312 0.6218547 0.6646355 0.6284641 0.8037266 0.6268923 0.6369935 1.1037240 0.6223355 0.6624375 0.6072776 0.6249660 0.5812416 0.5371228 0.6225432 0.5891015 0.0000000 0.5895730 1.0034023 0.9842254 0.5865412 0.5836338 0.5840274 0.6682348 0.6296261 0.6388364 0.6422145 0.9884739 0.1716812 0.5136215 1.0324523 0.9512656 0.5415981 0.5829472 0.8676717 0.9727116 0.6365747 0.9359856 0.6981414 0.7343865 0.6054719 0.5914002 0.1899072 
Philippe2009_Molgula_tectiformis_30286_Gene_0085             0.3726293 0.7884018 0.1556182 0.2693021 0.3388637 1.0344257 0.3082808 0.3497778 0.5757118 0.9874453 0.1923908 0.4197934 0.3076079 0.3953759 0.3754639 0.3350482 0.9201435 0.3497344 0.3939063 0.3816864 0.3790569 0.4323826 0.3369257 0.4385969 0.3785590 0.5895730 0.0000000 0.7832377 0.6975029 0.3237278 0.3871041 0.3255972 0.4982433 0.3441475 0.4166189 0.4431849 0.8106140 0.6327946 0.4191667 0.7860220 0.7621542 0.3089056 0.3378843 0.7021746 0.7453546 0.3206453 0.5674673 0.4323111 0.5807123 0.3373028 0.4261603 0.5711173 
Philippe2009_Monosiga_brevicollis_81824_Gene_0085            0.7078749 0.7718178 0.4772259 0.7066525 0.7852737 0.8203169 0.5863324 0.6934022 0.7098374 1.0013276 0.7306590 0.7598773 0.6690845 1.2434393 0.7846400 0.6928335 1.0331652 0.6294935 0.7006033 0.6560134 0.7275608 0.7097306 0.6918400 0.7441260 0.6854384 1.0034023 0.7832377 0.0000000 0.7598018 0.6550590 0.7000186 0.6220768 0.6948826 0.6317041 0.6793132 0.8200723 0.7508728 0.9045774 0.7583016 0.7410047 0.7904372 0.6811757 0.6053565 0.7879638 0.7649077 0.7664889 0.8368197 0.7219946 0.6084895 0.7087144 0.7785482 0.9686093 
Philippe2009_Monosiga_ovata_81526_Gene_0085                  0.5813152 0.6870796 0.2777736 0.5899532 0.6270162 0.6970778 0.6072361 0.6515758 0.6336556 1.4264804 0.6141595 0.6134621 0.6071622 0.8618168 0.6040406 0.6148110 0.7924894 0.6085334 0.6298719 0.6413222 0.5655640 0.6409968 0.6257166 0.6938295 0.5824153 0.9842254 0.6975029 0.7598018 0.0000000 0.5601369 0.6305772 0.5492836 0.6207771 0.6504069 0.6357372 0.6974235 0.7589439 0.9268455 0.5467009 0.5987746 0.7647215 0.5223782 0.6533532 0.7452957 0.6943865 0.7020102 0.6233934 0.6539894 0.6835921 0.5829396 0.6359623 0.9599383 
Philippe2009_Montastraea_faveolata_48498_Gene_0085           0.1626675 0.7156976 0.1638829 0.3019110 0.3198568 0.7566933 0.2983761 0.4125254 0.4843639 0.9682810 0.2653537 0.3002769 0.2512576 0.6140321 0.2899986 0.2870166 0.9047037 0.3216931 0.3395018 0.3123192 0.2629236 0.2864737 0.2645436 0.4320750 0.1932248 0.5865412 0.3237278 0.6550590 0.5601369 0.0000000 0.3718171 0.1219589 0.4100921 0.3132802 0.3628455 0.3709136 0.6549504 0.5901486 0.2598367 0.5666832 0.6231990 0.2835731 0.2718590 0.7264859 0.6421463 0.3452433 0.5843746 0.4415890 0.4146523 0.2979958 0.4085514 0.5723846 
Philippe2009_Nasonia_vitripennis_7425_Gene_0085              0.3610067 0.6732209 0.2150887 0.3342360 0.3902255 0.8521306 0.3323929 0.4122849 0.5901026 0.9291353 0.3381026 0.3946471 0.3230322 0.3630894 0.3551583 0.3579213 0.9395384 0.3327107 0.4544848 0.3951210 0.3525031 0.3391595 0.4025601 0.4602505 0.3875340 0.5836338 0.3871041 0.7000186 0.6305772 0.3718171 0.0000000 0.3105171 0.4275846 0.3462252 0.2168529 0.3789043 0.7210069 0.6915396 0.3117449 0.6280241 0.8006290 0.3721923 0.3172219 0.7185989 0.6792256 0.4139266 0.5870250 0.4098500 0.4376672 0.3348346 0.4199086 0.6384702 
Philippe2009_Nematostella_vectensis_45351_Gene_0085          0.2043912 0.6884948 0.1442673 0.3111212 0.3248366 0.7896695 0.2708328 0.3638654 0.4662295 1.2057213 0.2586224 0.3203715 0.2777287 0.5931519 0.3222935 0.3039393 0.8557548 0.2998280 0.3517245 0.2937912 0.2697451 0.2700470 0.2748737 0.4008309 0.1668722 0.5840274 0.3255972 0.6220768 0.5492836 0.1219589 0.3105171 0.0000000 0.4250445 0.2990141 0.3186726 0.3754470 0.6753873 0.6045087 0.2342967 0.5481899 0.6453808 0.2954669 0.2794166 0.7263567 0.6507295 0.3417258 0.5966357 0.4027099 0.4007309 0.2747644 0.3984126 0.5908580 
Philippe2009_Oscarella_carmela_386100_Gene_0085              0.4106886 0.7046593 0.1993675 0.4433147 0.4076022 0.9028739 0.3402927 0.4624754 0.5011038 1.3195631 0.4283327 0.4634766 0.4394952 0.6939056 0.5027368 0.4201718 0.9237750 0.4260349 0.4413673 0.4593632 0.4533943 0.4434610 0.4603153 0.4982958 0.4241530 0.6682348 0.4982433 0.6948826 0.6207771 0.4100921 0.4275846 0.4250445 0.0000000 0.4002684 0.4107376 0.5845761 0.6970598 0.6483015 0.4210310 0.6598735 0.7341242 0.4233966 0.4690617 0.7350355 0.7302942 0.5620432 0.6826951 0.5504757 0.4729112 0.4228892 0.5042598 0.7090770 
Philippe2009_Pedicellina_cernua_43123_Gene_0085              0.3538131 0.6521547 0.1932341 0.3338178 0.3551176 0.8274203 0.3127670 0.4001564 0.5513559 1.1235990 0.2779680 0.3792375 0.2903186 0.5893421 0.3723971 0.3360814 0.9105379 0.3428562 0.3837388 0.3506074 0.3363608 0.3620362 0.3502926 0.4335975 0.3048549 0.6296261 0.3441475 0.6317041 0.6504069 0.3132802 0.3462252 0.2990141 0.4002684 0.0000000 0.2930131 0.4220254 0.6536592 0.6068726 0.3418245 0.6051903 0.6890656 0.3565716 0.2942061 0.6393811 0.6458938 0.3817901 0.5671935 0.4942443 0.3988909 0.3250458 0.4128082 0.5974479 
Philippe2009_Pediculus_humanus_121225_Gene_0085              0.3296498 0.6982555 0.2467134 0.3778915 0.4030887 0.8212854 0.3038676 0.4357623 0.5178799 1.1347823 0.3863706 0.4107478 0.3363896 0.6893897 0.3981046 0.2944565 0.8675605 0.3119937 0.3592845 0.3811162 0.3828736 0.3748119 0.3605076 0.4292153 0.3418015 0.6388364 0.4166189 0.6793132 0.6357372 0.3628455 0.2168529 0.3186726 0.4107376 0.2930131 0.0000000 0.3920589 0.7379504 0.5808277 0.3503423 0.6036513 0.7992309 0.3949487 0.2844737 0.7024577 0.7163991 0.4249863 0.6474493 0.4391839 0.5379309 0.3265622 0.4661645 0.6435586 
Philippe2009_Petromyzon_marinus_7757_Gene_0085               0.4141699 0.7940094 0.2857268 0.3585659 0.3959594 0.9008758 0.4298106 0.4733927 0.6650389 0.9055749 0.3809522 0.4225706 0.3835189 0.6014949 0.1800976 0.4043229 0.8677922 0.4208554 0.4604775 0.3749912 0.4051883 0.4174693 0.3838255 0.5005896 0.3656680 0.6422145 0.4431849 0.8200723 0.6974235 0.3709136 0.3789043 0.3754470 0.5845761 0.4220254 0.3920589 0.0000000 0.8341284 0.6710820 0.4026035 0.6478797 0.8344817 0.4151402 0.4101967 0.8932296 0.6644740 0.4084832 0.6609023 0.4860890 0.5821472 0.3639135 0.4508720 0.6790539 
Philippe2009_Phycomyces_blakesleeanus_4837_Gene_0085         0.6430588 0.3762897 0.2546560 0.7255979 0.6622440 0.5858140 0.5812346 0.7861865 0.7200771 1.4941147 0.6712573 0.7170292 0.7069652 0.7876418 0.7293972 0.6080172 0.8535469 0.6244993 0.7063248 0.7272187 0.7007088 0.7132016 0.7533066 0.7389547 0.7138988 0.9884739 0.8106140 0.7508728 0.7589439 0.6549504 0.7210069 0.6753873 0.6970598 0.6536592 0.7379504 0.8341284 0.0000000 0.9441889 0.6778764 0.6872825 0.1160057 0.6961835 0.7116459 0.6808152 0.4467911 0.7838831 0.5841204 0.6718055 0.6196978 0.8091584 0.7277636 1.0492464 
Philippe2009_Pleurobrachia_pileus_140457_Gene_0085           0.5808521 0.9897360 0.1928523 0.5434341 0.6446127 1.1877488 0.5728563 0.5659591 0.5340777 1.6453591 0.6660221 0.6513840 0.5989599 0.9785399 0.6744003 0.6088110 1.0007841 0.5796856 0.6091453 0.6147843 0.6578794 0.5968460 0.5798769 0.5914235 0.6019848 0.1716812 0.6327946 0.9045774 0.9268455 0.5901486 0.6915396 0.6045087 0.6483015 0.6068726 0.5808277 0.6710820 0.9441889 0.0000000 0.5221800 0.9344930 0.9449481 0.5838948 0.5330021 0.8571377 0.9653159 0.5691799 0.8626407 0.6653928 0.6517712 0.6168077 0.6112144 0.2010698 
Philippe2009_Podocoryne_carnea_6096_Gene_0085                0.3263219 0.6827621 0.1820839 0.3840276 0.3177019 0.8376464 0.3516557 0.3632930 0.5376430 1.1388397 0.4005704 0.2577302 0.2964792 0.6598744 0.3539017 0.3300044 0.6593778 0.3232747 0.4055478 0.3721871 0.1714290 0.0861814 0.3381414 0.4209362 0.2619525 0.5136215 0.4191667 0.7583016 0.5467009 0.2598367 0.3117449 0.2342967 0.4210310 0.3418245 0.3503423 0.4026035 0.6778764 0.5221800 0.0000000 0.5550877 0.7191482 0.3497308 0.3017599 0.6259107 0.7002244 0.3821043 0.4735105 0.4495569 0.4123667 0.3422182 0.4730955 0.5596908 
Philippe2009_Amphimedon_queenslandica_400682_Gene_0085       0.5921216 0.6453815 0.2474705 0.6511388 0.6935177 0.7520872 0.5911849 0.6693976 0.7183461 0.7774052 0.6801473 0.6065193 0.5907307 1.2517277 0.6463836 0.6423557 0.7188664 0.5985876 0.6835052 0.5952180 0.5777568 0.6543287 0.6845890 0.6999271 0.5659696 1.0324523 0.7860220 0.7410047 0.5987746 0.5666832 0.6280241 0.5481899 0.6598735 0.6051903 0.6036513 0.6478797 0.6872825 0.9344930 0.5550877 0.0000000 0.7263807 0.5666094 0.6100307 0.7773683 0.6330861 0.6780870 0.4233793 0.6548346 0.6576076 0.6143818 0.7147586 1.1095816 
Philippe2009_Rhizopus_oryzae_64495_Gene_0085                 0.6542634 0.3965968 0.2311069 0.6769043 0.6768536 0.6033959 0.5536283 0.7304806 0.7175169 1.4561667 0.6484660 0.7480629 0.7169236 0.7010480 0.6804038 0.7256008 0.8759474 0.6922759 0.7010291 0.6813175 0.7483666 0.7702210 0.7592639 0.7496323 0.7111957 0.9512656 0.7621542 0.7904372 0.7647215 0.6231990 0.8006290 0.6453808 0.7341242 0.6890656 0.7992309 0.8344817 0.1160057 0.9449481 0.7191482 0.7263807 0.0000000 0.6670859 0.6930968 0.7197117 0.4589638 0.7932396 0.5923030 0.6637915 0.6422953 0.7170524 0.6448709 1.0548067 
Philippe2009_Saccoglossus_kowalevskii_10224_Gene_0085        0.3249127 0.6931261 0.1063910 0.2869376 0.3186990 0.8764571 0.3237869 0.3436669 0.4769189 0.7452895 0.2759280 0.3572463 0.2993766 0.3413312 0.3532546 0.3451337 0.8782644 0.3438972 0.3812954 0.2718432 0.3247750 0.3454758 0.2570619 0.3867865 0.3132003 0.5415981 0.3089056 0.6811757 0.5223782 0.2835731 0.3721923 0.2954669 0.4233966 0.3565716 0.3949487 0.4151402 0.6961835 0.5838948 0.3497308 0.5666094 0.6670859 0.0000000 0.3050558 0.6042958 0.6667930 0.2980531 0.5211485 0.3606033 0.4446929 0.2711663 0.3379548 0.5523757 
Philippe2009_Scutigera_coleoptrata_29022_Gene_0085           0.3142087 0.6889709 0.1672926 0.2480960 0.2885464 0.8126046 0.2770557 0.3391678 0.4975654 0.9982511 0.3140921 0.3508386 0.2518297 0.5355288 0.3426607 0.2408540 0.8270325 0.1936182 0.2897662 0.2866323 0.3350794 0.3375346 0.2104604 0.4181593 0.2924037 0.5829472 0.3378843 0.6053565 0.6533532 0.2718590 0.3172219 0.2794166 0.4690617 0.2942061 0.2844737 0.4101967 0.7116459 0.5330021 0.3017599 0.6100307 0.6930968 0.3050558 0.0000000 0.6920791 0.7175458 0.3111812 0.5513704 0.4382095 0.4528345 0.2475297 0.3637070 0.5591421 
Philippe2009_Sphaeroforma_arctica_72019_Gene_0085            0.6830615 0.6601838 0.0925813 0.6462168 0.8126084 0.7544959 0.6611542 0.7361636 0.7013457 1.6083835 0.6943971 0.6611484 0.6692593 1.0597051 0.8291667 0.6825496 0.9578254 0.7096627 0.7566070 0.7374137 0.6797029 0.7318165 0.7580596 0.6424628 0.7175836 0.8676717 0.7021746 0.7879638 0.7452957 0.7264859 0.7185989 0.7263567 0.7350355 0.6393811 0.7024577 0.8932296 0.6808152 0.8571377 0.6259107 0.7773683 0.7197117 0.6042958 0.6920791 0.0000000 0.7001075 0.6421967 0.6470477 0.8058008 0.6758955 0.7156981 0.8119650 0.9170890 
Philippe2009_Spizellomyces_punctatus_109760_Gene_0085        0.6586678 0.4503042 0.2178280 0.7002631 0.6719549 0.3458605 0.6319906 0.7131094 0.7107848 1.2782080 0.6183077 0.6493008 0.6506573 1.0864861 0.6417780 0.7410093 0.8066941 0.7281435 0.7196416 0.7101649 0.5983873 0.7006732 0.7168751 0.6643418 0.7232476 0.9727116 0.7453546 0.7649077 0.6943865 0.6421463 0.6792256 0.6507295 0.7302942 0.6458938 0.7163991 0.6644740 0.4467911 0.9653159 0.7002244 0.6330861 0.4589638 0.6667930 0.7175458 0.7001075 0.0000000 0.7389470 0.6086868 0.7006198 0.6810802 0.6982582 0.6495375 1.0572866 
Philippe2009_Strongylocentrotus_purpuratus_7668_Gene_0085    0.3916559 0.8069146 0.1955629 0.3303957 0.3794361 0.9143640 0.3905079 0.3909823 0.6121210 0.8250161 0.3638727 0.4130154 0.3258835 0.5833145 0.3676320 0.3133843 0.9875180 0.3082685 0.4010084 0.3356463 0.3910514 0.3972393 0.3482806 0.4526660 0.4122346 0.6365747 0.3206453 0.7664889 0.7020102 0.3452433 0.4139266 0.3417258 0.5620432 0.3817901 0.4249863 0.4084832 0.7838831 0.5691799 0.3821043 0.6780870 0.7932396 0.2980531 0.3111812 0.6421967 0.7389470 0.0000000 0.6016555 0.4890361 0.5023225 0.3324357 0.4446859 0.5914866 
Philippe2009_Suberites_domuncula_55567_Gene_0085             0.6151316 0.5157749 0.2282191 0.5634273 0.5748289 0.7852320 0.5843631 0.6018519 0.6629978 0.4649824 0.5973678 0.5411597 0.5373727 0.8929868 0.5683663 0.5790874 0.6002573 0.6236825 0.5765371 0.6612270 0.5288309 0.5352654 0.6540561 0.5873370 0.6247349 0.9359856 0.5674673 0.8368197 0.6233934 0.5843746 0.5870250 0.5966357 0.6826951 0.5671935 0.6474493 0.6609023 0.5841204 0.8626407 0.4735105 0.4233793 0.5923030 0.5211485 0.5513704 0.6470477 0.6086868 0.6016555 0.0000000 0.5649089 0.5445165 0.6296311 0.6473395 0.9625686 
Philippe2009_Sycon_raphanus_56443_Gene_0085                  0.4306374 0.7008534 0.2242427 0.3647598 0.4239913 0.9636474 0.4286357 0.5197568 0.5383015 0.8990947 0.3857953 0.4054489 0.4137452 0.5380975 0.4612687 0.4295202 0.9493678 0.4684784 0.4617148 0.4199617 0.4557721 0.4145394 0.4949324 0.3637925 0.4298950 0.6981414 0.4323111 0.7219946 0.6539894 0.4415890 0.4098500 0.4027099 0.5504757 0.4942443 0.4391839 0.4860890 0.6718055 0.6653928 0.4495569 0.6548346 0.6637915 0.3606033 0.4382095 0.8058008 0.7006198 0.4890361 0.5649089 0.0000000 0.5033659 0.4438723 0.4658487 0.6808778 
Philippe2009_Trichoplax_adhaerens_10228_Gene_0085            0.4499941 0.6109868 0.2439770 0.4564152 0.5132154 0.8385817 0.4700719 0.5383129 0.4956506 0.9525271 0.5530016 0.4798775 0.4723618 0.6124064 0.5060349 0.4816920 0.8835055 0.4924668 0.5415253 0.4952865 0.4815975 0.4478882 0.4909520 0.4806449 0.4053881 0.7343865 0.5807123 0.6084895 0.6835921 0.4146523 0.4376672 0.4007309 0.4729112 0.3988909 0.5379309 0.5821472 0.6196978 0.6517712 0.4123667 0.6576076 0.6422953 0.4446929 0.4528345 0.6758955 0.6810802 0.5023225 0.5445165 0.5033659 0.0000000 0.5495012 0.5294530 0.7114340 
Philippe2009_Tubifex_tubifex_6386_Gene_0085                  0.3826897 0.7547546 0.1772734 0.2620190 0.3544510 0.8401426 0.2798345 0.2807300 0.5507584 0.9844341 0.2890563 0.4152951 0.2983758 0.4315821 0.3416361 0.2896832 0.8319865 0.2426463 0.3187688 0.2301670 0.3424252 0.3856897 0.2968660 0.4077766 0.3172792 0.6054719 0.3373028 0.7087144 0.5829396 0.2979958 0.3348346 0.2747644 0.4228892 0.3250458 0.3265622 0.3639135 0.8091584 0.6168077 0.3422182 0.6143818 0.7170524 0.2711663 0.2475297 0.7156981 0.6982582 0.3324357 0.6296311 0.4438723 0.5495012 0.0000000 0.3255294 0.6521389 
Philippe2009_Xenoturbella_bocki_242395_Gene_0085             0.3913167 0.6556222 0.2343914 0.3588728 0.4034777 0.8528776 0.3620616 0.3677775 0.6962486 0.9669838 0.3492667 0.4065111 0.3257703 0.3956511 0.3821192 0.4147338 0.8877453 0.3503351 0.4083089 0.3144169 0.4600792 0.4516197 0.3199581 0.4423417 0.4434611 0.5914002 0.4261603 0.7785482 0.6359623 0.4085514 0.4199086 0.3984126 0.5042598 0.4128082 0.4661645 0.4508720 0.7277636 0.6112144 0.4730955 0.7147586 0.6448709 0.3379548 0.3637070 0.8119650 0.6495375 0.4446859 0.6473395 0.4658487 0.5294530 0.3255294 0.0000000 0.5474308 
Philippe2009_Mertensiid_sp_140499_Gene_0085                  0.5827048 1.0699820 0.2323076 0.5433311 0.5606152 1.3529128 0.6378389 0.6270141 0.6096810 1.7367855 0.5584250 0.6492210 0.6097924 0.5182366 0.6394743 0.6070106 1.1590574 0.5931303 0.6384205 0.5871545 0.6354013 0.6154727 0.5598324 0.6608063 0.6136218 0.1899072 0.5711173 0.9686093 0.9599383 0.5723846 0.6384702 0.5908580 0.7090770 0.5974479 0.6435586 0.6790539 1.0492464 0.2010698 0.5596908 1.1095816 1.0548067 0.5523757 0.5591421 0.9170890 1.0572866 0.5914866 0.9625686 0.6808778 0.7114340 0.6521389 0.5474308 0.0000000 
