48
Philippe2009_Acropora_millepora_45264_Gene_0015              0.0000000 0.4761691 0.4445050 0.3379348 0.5786630 0.3321953 0.3427743 0.3412099 0.3828135 0.3351650 0.3846797 0.3115513 0.2595866 0.2852633 9.0000000 0.2396498 0.4173002 0.2813560 0.3562278 0.3218631 0.3196743 0.3139801 0.2501052 0.4486154 0.3550034 0.3668252 0.3806290 0.2730872 0.2640165 0.3395276 0.3688373 0.2538103 0.2801090 0.5249781 0.3387516 0.4394623 0.5286876 0.2975392 0.5217566 0.2881607 0.2700475 0.3446098 0.5126187 0.2801382 0.4126756 0.3047585 0.4217444 0.2841410 
Philippe2009_Allomyces_macrogynus_28583_Gene_0015            0.4761691 0.0000000 0.4467987 0.5663192 0.2441259 0.4364706 0.5466659 0.4518328 0.5779972 0.5168621 0.5698968 0.5609429 0.4509705 0.4493501 0.8438333 0.4107677 0.5763540 0.5129108 0.5203880 0.4971834 0.4977780 0.4292748 0.4423833 0.6925728 0.5004565 0.5026564 0.4937180 0.4222872 0.4465575 0.4823949 0.5502215 0.4283027 0.4408283 0.2620725 0.4680908 0.5985233 0.5754812 0.4580652 0.2984112 0.4695054 0.3979555 0.5256398 0.1889621 0.4743239 0.4475056 0.4810510 0.6140588 0.4301533 
Philippe2009_Amoebidium_parasiticum_4881_Gene_0015           0.4445050 0.4467987 0.0000000 0.3794925 0.4671369 0.3652821 0.3980775 0.3135272 0.4490474 0.4522960 0.5285218 0.3200583 0.3124670 0.3611948 9.0000000 0.3369225 0.4340248 0.3205837 0.4458261 0.4137120 0.4163228 0.3424889 0.4492481 0.6320957 0.4363084 0.3955462 0.3381008 0.3505525 0.4287545 0.3656588 0.3442029 0.3873677 0.3368915 0.5111370 0.5103809 0.3791128 0.3655783 0.2799427 0.4880353 0.4018757 0.3631961 0.2447637 0.4957948 0.4207917 0.3609292 0.3628666 0.3243588 0.3310206 
Philippe2009_Aplysia_californica_6500_Gene_0015              0.3379348 0.5663192 0.3794925 0.0000000 0.6118178 0.2893356 0.2913480 0.4190594 0.3076038 0.3496717 0.4346674 0.2052961 0.3021576 0.3301612 0.6288477 0.2972364 0.3173948 0.2430946 0.3694192 0.3744512 0.3496512 0.3240730 0.3579599 0.6884517 0.4356259 0.3826980 0.3911904 0.2989006 0.3538141 0.3355638 0.2979667 0.3114407 0.3079971 0.5745345 0.3586114 0.4310013 0.3192968 0.3167946 0.5464583 0.2862112 0.2771776 0.3589556 0.5265132 0.3383553 0.3656049 0.2869901 0.3193036 0.3134274 
Philippe2009_Batrachochytrium_dendrobatidis_109871_Gene_0015 0.5786630 0.2441259 0.4671369 0.6118178 0.0000000 0.4726550 0.5975411 0.5144346 0.5578252 0.5702957 0.6564194 0.6025565 0.4980843 0.4871376 0.7945825 0.4926484 0.6037974 0.5445442 0.5434462 0.5674396 0.5620259 0.4629654 0.5288529 0.7234227 0.5773653 0.5218705 0.5300226 0.5003305 0.5162683 0.5050690 0.6019254 0.5210543 0.4980456 0.2794423 0.5029307 0.6339301 0.6249479 0.4895284 0.2796625 0.5281973 0.4772971 0.5305874 0.1544457 0.5316511 0.5145038 0.5090474 0.6084836 0.4807246 
Philippe2009_Branchiostoma_floridae_7739_Gene_0015           0.3321953 0.4364706 0.3652821 0.2893356 0.4726550 0.0000000 0.3206245 0.3495322 0.2464737 0.3130189 0.3934480 0.2855508 0.2293187 0.2754693 0.4525656 0.2574513 0.3028415 0.2598259 0.2782792 0.2872429 0.2934837 0.2625201 0.2694248 0.5965269 0.3105128 0.3013103 0.3281893 0.2316330 0.2504399 0.2836203 0.3075337 0.2420525 0.2320048 0.4799193 0.3651349 0.3505645 0.3969570 0.2148272 0.4704766 0.2128648 0.2422682 0.3487073 0.4047136 0.2566687 0.2193088 0.2118591 0.2903527 0.2304090 
Philippe2009_Capitella_teleta_283909_Gene_0015               0.3427743 0.5466659 0.3980775 0.2913480 0.5975411 0.3206245 0.0000000 0.3950521 0.3454417 0.3733794 0.4326164 0.3016705 0.3201584 0.3358687 0.4656822 0.2937700 0.3298974 0.2037025 0.4086966 0.3511153 0.3544608 0.3332351 0.3576734 0.5971015 0.3931410 0.3655821 0.3819014 0.2855217 0.3807989 0.3280776 0.2798305 0.2776641 0.3393124 0.5558917 0.2966906 0.4771125 0.4064851 0.2779667 0.5492393 0.2833336 0.2777050 0.3506868 0.5096964 0.3484503 0.3962207 0.2867436 0.2660405 0.3083288 
Philippe2009_Capsaspora_owczarzaki_192875_Gene_0015          0.3412099 0.4518328 0.3135272 0.4190594 0.5144346 0.3495322 0.3950521 0.0000000 0.3693577 0.4042906 0.4275516 0.4105014 0.2993689 0.3341651 0.5002479 0.3266930 0.4093915 0.3328702 0.3676096 0.3903765 0.3832522 0.3579436 0.3632387 0.6888612 0.4251142 0.3856058 0.3324737 0.3281854 0.3714449 0.3606548 0.3842941 0.3356667 0.3111885 0.5037756 0.4019517 0.4092189 0.4065019 0.3006006 0.4930282 0.3131911 0.3337566 0.3915228 0.4585929 0.3644280 0.3664166 0.3149043 0.3909814 0.3365572 
Philippe2009_Carteriospongia_foliascens_593584_Gene_0015     0.3828135 0.5779972 0.4490474 0.3076038 0.5578252 0.2464737 0.3454417 0.3693577 0.0000000 0.3703086 0.6581757 0.3683297 0.1930093 0.1883387 9.0000000 0.2572633 0.3089182 0.2184983 0.2441023 0.2772590 0.2849454 0.1512053 0.3229591 0.6194744 0.4778644 0.4575971 0.3655354 0.1831381 0.2491342 0.2242844 0.3663310 0.2227761 0.2106172 0.5223214 0.4702461 0.2837379 0.3977853 0.1630057 0.5204075 0.2041505 0.2410330 0.6096330 0.4901962 0.3052427 0.2312071 0.1725449 0.2378862 0.2846554 
Philippe2009_Ciona_savignyi_51511_Gene_0015                  0.3351650 0.5168621 0.4522960 0.3496717 0.5702957 0.3130189 0.3733794 0.4042906 0.3703086 0.0000000 0.4296849 0.3754849 0.3143024 0.3235368 0.4442694 0.2858972 0.3705837 0.3160281 0.4181269 0.3441136 0.3419378 0.3254142 0.3114767 0.7414172 0.3107679 0.3513597 0.3692160 0.3053079 0.3316117 0.2865352 0.3561969 0.2884785 0.3260089 0.4995450 0.3896001 0.4669487 0.3761758 0.2955537 0.5059762 0.3030467 0.2711270 0.3615959 0.5027570 0.2902923 0.3121975 0.2652334 0.3963170 0.3076643 
Philippe2009_Clytia_hemisphaerica_252671_Gene_0015           0.3846797 0.5698968 0.5285218 0.4346674 0.6564194 0.3934480 0.4326164 0.4275516 0.6581757 0.4296849 0.0000000 0.4252376 0.3677053 0.3825246 0.5028988 0.3273777 0.4993206 0.3762978 0.4163960 0.2264886 0.1924222 0.4360296 0.3527177 0.7041971 0.4581854 0.3473906 0.4142967 0.3782605 0.3437440 0.3822508 0.3517442 0.3255167 0.3844860 0.6283514 0.3649573 0.2549386 0.4452843 0.3566357 0.5950111 0.3691486 0.3154154 0.4243703 0.5817828 0.3269302 0.5819181 0.3706168 0.4904576 0.3377494 
Philippe2009_Crassostrea_gigas_29159_Gene_0015               0.3115513 0.5609429 0.3200583 0.2052961 0.6025565 0.2855508 0.3016705 0.4105014 0.3683297 0.3754849 0.4252376 0.0000000 0.2933433 0.3305324 0.6617817 0.2744209 0.2631983 0.2655951 0.4294921 0.3771142 0.3501588 0.3106637 0.3581535 0.6372508 0.3949180 0.3206211 0.3896102 0.2915472 0.3341796 0.3150872 0.2659005 0.2605425 0.3056891 0.5597773 0.3470516 0.4859899 0.3095129 0.3024790 0.5407677 0.3141534 0.2732222 0.3113286 0.5282278 0.3708442 0.3890845 0.2768249 0.2924646 0.2955111 
Philippe2009_Danio_rerio_7955_Gene_0015                      0.2595866 0.4509705 0.3124670 0.3021576 0.4980843 0.2293187 0.3201584 0.2993689 0.1930093 0.3143024 0.3677053 0.2933433 0.0000000 0.2212805 0.4167550 0.2225066 0.3318936 0.2346637 0.3033903 0.2813677 0.3112718 0.2332272 0.2649468 0.5767595 0.3613373 0.3042068 0.3352203 0.2027380 0.2552685 0.2359861 0.2855627 0.2116003 0.0730443 0.4757033 0.3501164 0.3733551 0.3101726 0.1668876 0.4594354 0.1945006 0.2149555 0.3055656 0.4486686 0.2684415 0.2319479 0.2160846 0.2608763 0.1988608 
Philippe2009_Daphnia_pulex_6669_Gene_0015                    0.2852633 0.4493501 0.3611948 0.3301612 0.4871376 0.2754693 0.3358687 0.3341651 0.1883387 0.3235368 0.3825246 0.3305324 0.2212805 0.0000000 0.5224294 0.2194227 0.3700359 0.2338188 0.3129160 0.2948110 0.3119277 0.2008958 0.2937876 0.6165263 0.3654817 0.3240043 0.3259539 0.1371363 0.2809142 0.2861411 0.2921065 0.1634435 0.2078163 0.4631869 0.2841830 0.3933162 0.3623564 0.2280030 0.4590459 0.2504615 0.1744492 0.3390462 0.4529237 0.3109371 0.1702874 0.2250288 0.2834456 0.2624174 
Philippe2009_Ephydatia_muelleri_6052_Gene_0015               9.0000000 0.8438333 9.0000000 0.6288477 0.7945825 0.4525656 0.4656822 0.5002479 9.0000000 0.4442694 0.5028988 0.6617817 0.4167550 0.5224294 0.0000000 0.4347196 0.5998714 0.3893757 0.5542959 0.4993443 0.4324725 0.4300975 0.4845056 1.4694651 0.7692867 0.4129173 0.5278997 0.4660410 0.5430558 0.3694417 0.4608391 0.3917320 0.4093176 0.7406821 9.0000000 0.4850272 9.0000000 0.2507392 0.7522879 0.3247991 0.3756892 0.3213730 0.6819731 0.3994492 9.0000000 0.3702993 0.4661870 0.4124318 
Philippe2009_Euperipatoides_kanangrensis_488523_Gene_0015    0.2396498 0.4107677 0.3369225 0.2972364 0.4926484 0.2574513 0.2937700 0.3266930 0.2572633 0.2858972 0.3273777 0.2744209 0.2225066 0.2194227 0.4347196 0.0000000 0.3380106 0.2411928 0.2916955 0.2901513 0.2786277 0.1753182 0.2871753 0.5935602 0.3509599 0.2956405 0.3067192 0.1521446 0.2799938 0.2664980 0.2659551 0.1587144 0.2422797 0.4586218 0.2714843 0.3619440 0.3780435 0.2400006 0.4657622 0.2100246 0.1288989 0.2663441 0.3978802 0.2671513 0.2542467 0.2168809 0.2719490 0.2311055 
Philippe2009_Euprymna_scolopes_6613_Gene_0015                0.4173002 0.5763540 0.4340248 0.3173948 0.6037974 0.3028415 0.3298974 0.4093915 0.3089182 0.3705837 0.4993206 0.2631983 0.3318936 0.3700359 0.5998714 0.3380106 0.0000000 0.2789123 0.4532691 0.3916224 0.3866731 0.3083319 0.3702706 0.7351484 0.4458381 0.4041039 0.4130482 0.3401789 0.3767147 0.3335295 0.3484549 0.3127699 0.3545609 0.5873067 0.4010747 0.4596785 0.4341917 0.3251289 0.5671173 0.3138689 0.2991599 0.4272815 0.5722807 0.3669000 0.3829935 0.3057066 0.3082587 0.3459222 
Philippe2009_Helobdella_robusta_6412_Gene_0015               0.2813560 0.5129108 0.3205837 0.2430946 0.5445442 0.2598259 0.2037025 0.3328702 0.2184983 0.3160281 0.3762978 0.2655951 0.2346637 0.2338188 0.3893757 0.2411928 0.2789123 0.0000000 0.3264371 0.3100617 0.2973262 0.2489098 0.3261002 0.5602373 0.3683142 0.3413148 0.3266414 0.2085999 0.3164610 0.2597862 0.2330135 0.2152481 0.2510581 0.5123925 0.3355367 0.3331985 0.4102255 0.2336208 0.5239292 0.2087345 0.2389993 0.3113192 0.4826993 0.2894370 0.1717943 0.2130199 0.1111337 0.2721936 
Philippe2009_Heterochone_sp_367900_Gene_0015                 0.3562278 0.5203880 0.4458261 0.3694192 0.5434462 0.2782792 0.4086966 0.3676096 0.2441023 0.4181269 0.4163960 0.4294921 0.3033903 0.3129160 0.5542959 0.2916955 0.4532691 0.3264371 0.0000000 0.3450039 0.3173662 0.3292228 0.3254502 0.6338716 0.4505133 0.3853946 0.3836947 0.3110328 0.3214141 0.3213512 0.3487690 0.3058714 0.3171554 0.5808179 0.3688923 0.4109063 0.4173862 0.2524617 0.5565486 0.2899650 0.3093199 0.3992666 0.5145538 0.3442652 0.3336787 0.2795090 0.4087735 0.3234209 
Philippe2009_Hydra_magnipapillata_6087_Gene_0015             0.3218631 0.4971834 0.4137120 0.3744512 0.5674396 0.2872429 0.3511153 0.3903765 0.2772590 0.3441136 0.2264886 0.3771142 0.2813677 0.2948110 0.4993443 0.2901513 0.3916224 0.3100617 0.3450039 0.0000000 0.1234360 0.3154407 0.2574013 0.6116415 0.4180610 0.3125254 0.3647476 0.2802365 0.2698503 0.2723436 0.3397989 0.2866934 0.2980595 0.4936596 0.3702235 0.1734654 0.3975355 0.2624785 0.5041768 0.2903457 0.2870131 0.3167010 0.5006208 0.2679660 0.3353752 0.2484819 0.3723098 0.3060555 
Philippe2009_Hydractinia_echinata_35630_Gene_0015            0.3196743 0.4977780 0.4163228 0.3496512 0.5620259 0.2934837 0.3544608 0.3832522 0.2849454 0.3419378 0.1924222 0.3501588 0.3112718 0.3119277 0.4324725 0.2786277 0.3866731 0.2973262 0.3173662 0.1234360 0.0000000 0.3114502 0.2474350 0.6005988 0.4100468 0.3106051 0.3550706 0.3019662 0.2609410 0.2667524 0.3183963 0.2741850 0.3253447 0.5033852 0.3575048 0.0870611 0.4244275 0.2671132 0.4912953 0.2968751 0.2887994 0.3449480 0.4837373 0.2444103 0.3257589 0.2737372 0.3891636 0.2646402 
Philippe2009_Ixodes_scapularis_6945_Gene_0015                0.3139801 0.4292748 0.3424889 0.3240730 0.4629654 0.2625201 0.3332351 0.3579436 0.1512053 0.3254142 0.4360296 0.3106637 0.2332272 0.2008958 0.4300975 0.1753182 0.3083319 0.2489098 0.3292228 0.3154407 0.3114502 0.0000000 0.2961477 0.7341621 0.3794219 0.3365601 0.3294592 0.1794148 0.2891578 0.2891323 0.2934125 0.1971671 0.2484435 0.4537295 0.3331892 0.3887213 0.3221462 0.2348052 0.4416053 0.2524669 0.1471125 0.3835285 0.4017250 0.2892484 0.2277916 0.2331653 0.2890487 0.2490796 
Philippe2009_Metridium_senile_6116_Gene_0015                 0.2501052 0.4423833 0.4492481 0.3579599 0.5288529 0.2694248 0.3576734 0.3632387 0.3229591 0.3114767 0.3527177 0.3581535 0.2649468 0.2937876 0.4845056 0.2871753 0.3702706 0.3261002 0.3254502 0.2574013 0.2474350 0.2961477 0.0000000 0.5886182 0.3626146 0.3057611 0.3530094 0.2851997 0.2161554 0.2675227 0.3774897 0.2812967 0.2782634 0.4943977 0.3455142 0.3228631 0.4327339 0.2749862 0.4948618 0.2996361 0.2937339 0.3617873 0.4457775 0.2471992 0.3702379 0.2418852 0.4141643 0.2786618 
Philippe2009_Mnemiopsis_leidyi_27923_Gene_0015               0.4486154 0.6925728 0.6320957 0.6884517 0.7234227 0.5965269 0.5971015 0.6888612 0.6194744 0.7414172 0.7041971 0.6372508 0.5767595 0.6165263 1.4694651 0.5935602 0.7351484 0.5602373 0.6338716 0.6116415 0.6005988 0.7341621 0.5886182 0.0000000 0.6360368 0.5921150 0.7417231 0.6231771 0.5467722 0.6208165 0.5753559 0.5749799 0.5556428 0.7775992 0.1490082 1.0860965 1.0994289 0.5806777 0.6898311 0.5350586 0.5813769 0.4902938 0.6854140 0.5953735 0.6677874 0.6065717 1.0193073 0.5781674 
Philippe2009_Molgula_tectiformis_30286_Gene_0015             0.3550034 0.5004565 0.4363084 0.4356259 0.5773653 0.3105128 0.3931410 0.4251142 0.4778644 0.3107679 0.4581854 0.3949180 0.3613373 0.3654817 0.7692867 0.3509599 0.4458381 0.3683142 0.4505133 0.4180610 0.4100468 0.3794219 0.3626146 0.6360368 0.0000000 0.3701052 0.4245401 0.3338234 0.3617610 0.3481859 0.3829466 0.3431155 0.3512196 0.5371285 0.2898874 0.5322652 0.4804044 0.3646319 0.5389941 0.3401541 0.3334282 0.3839399 0.5075521 0.3699360 0.3498458 0.3179833 0.4638372 0.3496338 
Philippe2009_Monosiga_brevicollis_81824_Gene_0015            0.3668252 0.5026564 0.3955462 0.3826980 0.5218705 0.3013103 0.3655821 0.3856058 0.4575971 0.3513597 0.3473906 0.3206211 0.3042068 0.3240043 0.4129173 0.2956405 0.4041039 0.3413148 0.3853946 0.3125254 0.3106051 0.3365601 0.3057611 0.5921150 0.3701052 0.0000000 0.2987273 0.3105634 0.3234754 0.3354176 0.3338653 0.2886527 0.3018195 0.5070613 0.3802628 0.4073522 0.2400543 0.2585030 0.4993467 0.2893594 0.2948301 0.3494062 0.4489009 0.3150273 0.4338790 0.2888894 0.3992331 0.3056778 
Philippe2009_Monosiga_ovata_81526_Gene_0015                  0.3806290 0.4937180 0.3381008 0.3911904 0.5300226 0.3281893 0.3819014 0.3324737 0.3655354 0.3692160 0.4142967 0.3896102 0.3352203 0.3259539 0.5278997 0.3067192 0.4130482 0.3266414 0.3836947 0.3647476 0.3550706 0.3294592 0.3530094 0.7417231 0.4245401 0.2987273 0.0000000 0.3128266 0.3463909 0.3480876 0.4056740 0.3014830 0.3442363 0.5171013 0.5072808 0.3987029 0.2593497 0.2996285 0.4883688 0.3363165 0.2944603 0.4532065 0.4674658 0.3349880 0.3482041 0.3324453 0.3627289 0.3225944 
Philippe2009_Nasonia_vitripennis_7425_Gene_0015              0.2730872 0.4222872 0.3505525 0.2989006 0.5003305 0.2316330 0.2855217 0.3281854 0.1831381 0.3053079 0.3782605 0.2915472 0.2027380 0.1371363 0.4660410 0.1521446 0.3401789 0.2085999 0.3110328 0.2802365 0.3019662 0.1794148 0.2851997 0.6231771 0.3338234 0.3105634 0.3128266 0.0000000 0.2687363 0.2791229 0.2630466 0.0827324 0.2150055 0.4528832 0.3306069 0.3843901 0.3104473 0.2078991 0.4544207 0.1986950 0.1265587 0.3176829 0.4238101 0.2541253 0.1692954 0.2102713 0.2732965 0.2318883 
Philippe2009_Nematostella_vectensis_45351_Gene_0015          0.2640165 0.4465575 0.4287545 0.3538141 0.5162683 0.2504399 0.3807989 0.3714449 0.2491342 0.3316117 0.3437440 0.3341796 0.2552685 0.2809142 0.5430558 0.2799938 0.3767147 0.3164610 0.3214141 0.2698503 0.2609410 0.2891578 0.2161554 0.5467722 0.3617610 0.3234754 0.3463909 0.2687363 0.0000000 0.2632713 0.3488523 0.2810740 0.2596530 0.4970001 0.3281654 0.3309139 0.3791995 0.2493148 0.4871879 0.2691419 0.3060098 0.3675379 0.4585752 0.2780876 0.3557541 0.2586845 0.3889782 0.2751549 
Philippe2009_Oscarella_carmela_386100_Gene_0015              0.3395276 0.4823949 0.3656588 0.3355638 0.5050690 0.2836203 0.3280776 0.3606548 0.2242844 0.2865352 0.3822508 0.3150872 0.2359861 0.2861411 0.3694417 0.2664980 0.3335295 0.2597862 0.3213512 0.2723436 0.2667524 0.2891323 0.2675227 0.6208165 0.3481859 0.3354176 0.3480876 0.2791229 0.2632713 0.0000000 0.3289515 0.2585713 0.2465469 0.5054980 0.3881215 0.3251946 0.3381371 0.2196535 0.5078384 0.2413831 0.2585046 0.3123848 0.4591776 0.2786318 0.2783577 0.2174828 0.3288904 0.2301907 
Philippe2009_Pedicellina_cernua_43123_Gene_0015              0.3688373 0.5502215 0.3442029 0.2979667 0.6019254 0.3075337 0.2798305 0.3842941 0.3663310 0.3561969 0.3517442 0.2659005 0.2855627 0.2921065 0.4608391 0.2659551 0.3484549 0.2330135 0.3487690 0.3397989 0.3183963 0.2934125 0.3774897 0.5753559 0.3829466 0.3338653 0.4056740 0.2630466 0.3488523 0.3289515 0.0000000 0.2516272 0.3034516 0.5201812 0.3308814 0.4131704 0.4200935 0.2968027 0.4985809 0.2991078 0.2535898 0.3985867 0.5074352 0.3427245 0.3243846 0.2834592 0.2967383 0.2834175 
Philippe2009_Pediculus_humanus_121225_Gene_0015              0.2538103 0.4283027 0.3873677 0.3114407 0.5210543 0.2420525 0.2776641 0.3356667 0.2227761 0.2884785 0.3255167 0.2605425 0.2116003 0.1634435 0.3917320 0.1587144 0.3127699 0.2152481 0.3058714 0.2866934 0.2741850 0.1971671 0.2812967 0.5749799 0.3431155 0.2886527 0.3014830 0.0827324 0.2810740 0.2585713 0.2516272 0.0000000 0.2549380 0.4564145 0.2574281 0.3910123 0.3575993 0.2333060 0.4692956 0.2297956 0.1361961 0.2340381 0.4274497 0.2622983 0.1963064 0.2135702 0.3073127 0.2236435 
Philippe2009_Petromyzon_marinus_7757_Gene_0015               0.2801090 0.4408283 0.3368915 0.3079971 0.4980456 0.2320048 0.3393124 0.3111885 0.2106172 0.3260089 0.3844860 0.3056891 0.0730443 0.2078163 0.4093176 0.2422797 0.3545609 0.2510581 0.3171554 0.2980595 0.3253447 0.2484435 0.2782634 0.5556428 0.3512196 0.3018195 0.3442363 0.2150055 0.2596530 0.2465469 0.3034516 0.2549380 0.0000000 0.4863548 0.3337164 0.3896937 0.3243845 0.1942374 0.4680032 0.2047631 0.2335951 0.3307181 0.4457038 0.2895739 0.2473044 0.2372305 0.2781928 0.2230579 
Philippe2009_Phycomyces_blakesleeanus_4837_Gene_0015         0.5249781 0.2620725 0.5111370 0.5745345 0.2794423 0.4799193 0.5558917 0.5037756 0.5223214 0.4995450 0.6283514 0.5597773 0.4757033 0.4631869 0.7406821 0.4586218 0.5873067 0.5123925 0.5808179 0.4936596 0.5033852 0.4537295 0.4943977 0.7775992 0.5371285 0.5070613 0.5171013 0.4528832 0.4970001 0.5054980 0.5201812 0.4564145 0.4863548 0.0000000 0.4917416 0.6008972 0.6702261 0.4621560 0.1413327 0.5155509 0.4283152 0.5221099 0.2547410 0.4957869 0.4631565 0.4578864 0.5958714 0.4589073 
Philippe2009_Pleurobrachia_pileus_140457_Gene_0015           0.3387516 0.4680908 0.5103809 0.3586114 0.5029307 0.3651349 0.2966906 0.4019517 0.4702461 0.3896001 0.3649573 0.3470516 0.3501164 0.2841830 9.0000000 0.2714843 0.4010747 0.3355367 0.3688923 0.3702235 0.3575048 0.3331892 0.3455142 0.1490082 0.2898874 0.3802628 0.5072808 0.3306069 0.3281654 0.3881215 0.3308814 0.2574281 0.3337164 0.4917416 0.0000000 0.4825872 0.4506411 0.3177378 0.5133250 0.2895907 0.2595719 0.3646465 0.5302710 0.3846505 0.5077412 0.3416856 0.5235941 0.3382696 
Philippe2009_Podocoryne_carnea_6096_Gene_0015                0.4394623 0.5985233 0.3791128 0.4310013 0.6339301 0.3505645 0.4771125 0.4092189 0.2837379 0.4669487 0.2549386 0.4859899 0.3733551 0.3933162 0.4850272 0.3619440 0.4596785 0.3331985 0.4109063 0.1734654 0.0870611 0.3887213 0.3228631 1.0860965 0.5322652 0.4073522 0.3987029 0.3843901 0.3309139 0.3251946 0.4131704 0.3910123 0.3896937 0.6008972 0.4825872 0.0000000 0.4325284 0.3281714 0.5705527 0.3537425 0.3618801 0.5516129 0.5809348 0.3265755 0.2576052 0.3510223 0.3763566 0.3416952 
Philippe2009_Proterospongia_sp_218847_Gene_0015              0.5286876 0.5754812 0.3655783 0.3192968 0.6249479 0.3969570 0.4064851 0.4065019 0.3977853 0.3761758 0.4452843 0.3095129 0.3101726 0.3623564 9.0000000 0.3780435 0.4341917 0.4102255 0.4173862 0.3975355 0.4244275 0.3221462 0.4327339 1.0994289 0.4804044 0.2400543 0.2593497 0.3104473 0.3791995 0.3381371 0.4200935 0.3575993 0.3243845 0.6702261 0.4506411 0.4325284 0.0000000 0.3332208 0.6297693 0.3030963 0.2820056 1.6128484 0.6590112 0.4053699 0.5249536 0.3661951 0.3610030 0.3121363 
Philippe2009_Amphimedon_queenslandica_400682_Gene_0015       0.2975392 0.4580652 0.2799427 0.3167946 0.4895284 0.2148272 0.2779667 0.3006006 0.1630057 0.2955537 0.3566357 0.3024790 0.1668876 0.2280030 0.2507392 0.2400006 0.3251289 0.2336208 0.2524617 0.2624785 0.2671132 0.2348052 0.2749862 0.5806777 0.3646319 0.2585030 0.2996285 0.2078991 0.2493148 0.2196535 0.2968027 0.2333060 0.1942374 0.4621560 0.3177378 0.3281714 0.3332208 0.0000000 0.4611338 0.1871985 0.2306502 0.3030287 0.4402953 0.2362640 0.2055180 0.1743776 0.2594587 0.1963834 
Philippe2009_Rhizopus_oryzae_64495_Gene_0015                 0.5217566 0.2984112 0.4880353 0.5464583 0.2796625 0.4704766 0.5492393 0.4930282 0.5204075 0.5059762 0.5950111 0.5407677 0.4594354 0.4590459 0.7522879 0.4657622 0.5671173 0.5239292 0.5565486 0.5041768 0.4912953 0.4416053 0.4948618 0.6898311 0.5389941 0.4993467 0.4883688 0.4544207 0.4871879 0.5078384 0.4985809 0.4692956 0.4680032 0.1413327 0.5133250 0.5705527 0.6297693 0.4611338 0.0000000 0.4929466 0.4353534 0.5512110 0.2478194 0.4901892 0.4952049 0.4758520 0.5854635 0.4504913 
Philippe2009_Saccoglossus_kowalevskii_10224_Gene_0015        0.2881607 0.4695054 0.4018757 0.2862112 0.5281973 0.2128648 0.2833336 0.3131911 0.2041505 0.3030467 0.3691486 0.3141534 0.1945006 0.2504615 0.3247991 0.2100246 0.3138689 0.2087345 0.2899650 0.2903457 0.2968751 0.2524669 0.2996361 0.5350586 0.3401541 0.2893594 0.3363165 0.1986950 0.2691419 0.2413831 0.2991078 0.2297956 0.2047631 0.5155509 0.2895907 0.3537425 0.3030963 0.1871985 0.4929466 0.0000000 0.2155861 0.3339359 0.4545756 0.2343200 0.2548107 0.2063270 0.2579292 0.2236681 
Philippe2009_Scutigera_coleoptrata_29022_Gene_0015           0.2700475 0.3979555 0.3631961 0.2771776 0.4772971 0.2422682 0.2777050 0.3337566 0.2410330 0.2711270 0.3154154 0.2732222 0.2149555 0.1744492 0.3756892 0.1288989 0.2991599 0.2389993 0.3093199 0.2870131 0.2887994 0.1471125 0.2937339 0.5813769 0.3334282 0.2948301 0.2944603 0.1265587 0.3060098 0.2585046 0.2535898 0.1361961 0.2335951 0.4283152 0.2595719 0.3618801 0.2820056 0.2306502 0.4353534 0.2155861 0.0000000 0.2881422 0.4004521 0.2511904 0.1979674 0.2141380 0.2630562 0.2066658 
Philippe2009_Sphaeroforma_arctica_72019_Gene_0015            0.3446098 0.5256398 0.2447637 0.3589556 0.5305874 0.3487073 0.3506868 0.3915228 0.6096330 0.3615959 0.4243703 0.3113286 0.3055656 0.3390462 0.3213730 0.2663441 0.4272815 0.3113192 0.3992666 0.3167010 0.3449480 0.3835285 0.3617873 0.4902938 0.3839399 0.3494062 0.4532065 0.3176829 0.3675379 0.3123848 0.3985867 0.2340381 0.3307181 0.5221099 0.3646465 0.5516129 1.6128484 0.3030287 0.5512110 0.3339359 0.2881422 0.0000000 0.5160890 0.3954024 0.6597277 0.3082658 0.6241312 0.3141362 
Philippe2009_Spizellomyces_punctatus_109760_Gene_0015        0.5126187 0.1889621 0.4957948 0.5265132 0.1544457 0.4047136 0.5096964 0.4585929 0.4901962 0.5027570 0.5817828 0.5282278 0.4486686 0.4529237 0.6819731 0.3978802 0.5722807 0.4826993 0.5145538 0.5006208 0.4837373 0.4017250 0.4457775 0.6854140 0.5075521 0.4489009 0.4674658 0.4238101 0.4585752 0.4591776 0.5074352 0.4274497 0.4457038 0.2547410 0.5302710 0.5809348 0.6590112 0.4402953 0.2478194 0.4545756 0.4004521 0.5160890 0.0000000 0.4428469 0.4806869 0.4289505 0.5727716 0.4352267 
Philippe2009_Strongylocentrotus_purpuratus_7668_Gene_0015    0.2801382 0.4743239 0.4207917 0.3383553 0.5316511 0.2566687 0.3484503 0.3644280 0.3052427 0.2902923 0.3269302 0.3708442 0.2684415 0.3109371 0.3994492 0.2671513 0.3669000 0.2894370 0.3442652 0.2679660 0.2444103 0.2892484 0.2471992 0.5953735 0.3699360 0.3150273 0.3349880 0.2541253 0.2780876 0.2786318 0.3427245 0.2622983 0.2895739 0.4957869 0.3846505 0.3265755 0.4053699 0.2362640 0.4901892 0.2343200 0.2511904 0.3954024 0.4428469 0.0000000 0.3197115 0.2486651 0.3627017 0.2530943 
Philippe2009_Sycon_raphanus_56443_Gene_0015                  0.4126756 0.4475056 0.3609292 0.3656049 0.5145038 0.2193088 0.3962207 0.3664166 0.2312071 0.3121975 0.5819181 0.3890845 0.2319479 0.1702874 9.0000000 0.2542467 0.3829935 0.1717943 0.3336787 0.3353752 0.3257589 0.2277916 0.3702379 0.6677874 0.3498458 0.4338790 0.3482041 0.1692954 0.3557541 0.2783577 0.3243846 0.1963064 0.2473044 0.4631565 0.5077412 0.2576052 0.5249536 0.2055180 0.4952049 0.2548107 0.1979674 0.6597277 0.4806869 0.3197115 0.0000000 0.1751686 0.2451577 0.2550912 
Philippe2009_Trichoplax_adhaerens_10228_Gene_0015            0.3047585 0.4810510 0.3628666 0.2869901 0.5090474 0.2118591 0.2867436 0.3149043 0.1725449 0.2652334 0.3706168 0.2768249 0.2160846 0.2250288 0.3702993 0.2168809 0.3057066 0.2130199 0.2795090 0.2484819 0.2737372 0.2331653 0.2418852 0.6065717 0.3179833 0.2888894 0.3324453 0.2102713 0.2586845 0.2174828 0.2834592 0.2135702 0.2372305 0.4578864 0.3416856 0.3510223 0.3661951 0.1743776 0.4758520 0.2063270 0.2141380 0.3082658 0.4289505 0.2486651 0.1751686 0.0000000 0.2713940 0.2310322 
Philippe2009_Tubifex_tubifex_6386_Gene_0015                  0.4217444 0.6140588 0.3243588 0.3193036 0.6084836 0.2903527 0.2660405 0.3909814 0.2378862 0.3963170 0.4904576 0.2924646 0.2608763 0.2834456 0.4661870 0.2719490 0.3082587 0.1111337 0.4087735 0.3723098 0.3891636 0.2890487 0.4141643 1.0193073 0.4638372 0.3992331 0.3627289 0.2732965 0.3889782 0.3288904 0.2967383 0.3073127 0.2781928 0.5958714 0.5235941 0.3763566 0.3610030 0.2594587 0.5854635 0.2579292 0.2630562 0.6241312 0.5727716 0.3627017 0.2451577 0.2713940 0.0000000 0.2897329 
Philippe2009_Xenoturbella_bocki_242395_Gene_0015             0.2841410 0.4301533 0.3310206 0.3134274 0.4807246 0.2304090 0.3083288 0.3365572 0.2846554 0.3076643 0.3377494 0.2955111 0.1988608 0.2624174 0.4124318 0.2311055 0.3459222 0.2721936 0.3234209 0.3060555 0.2646402 0.2490796 0.2786618 0.5781674 0.3496338 0.3056778 0.3225944 0.2318883 0.2751549 0.2301907 0.2834175 0.2236435 0.2230579 0.4589073 0.3382696 0.3416952 0.3121363 0.1963834 0.4504913 0.2236681 0.2066658 0.3141362 0.4352267 0.2530943 0.2550912 0.2310322 0.2897329 0.0000000 
