52
Philippe2009_Acropora_millepora_45264_Gene_0085              0.0000000 0.5025335 0.1436654 0.2828912 0.2912975 0.5513826 0.2707390 0.3345395 0.3843769 0.6598331 0.2884386 0.3137668 0.2892975 0.5039313 0.2982212 0.2867170 0.6383679 0.2790847 0.2821821 0.3118075 0.2668078 0.3133530 0.2512051 0.3607636 0.2424727 0.4361163 0.3134728 0.5393727 0.4559925 0.1598442 0.3096202 0.1946747 0.3548355 0.3045366 0.2850863 0.3528092 0.4722607 0.4562793 0.2918771 0.4613126 0.4738259 0.2883860 0.2740081 0.4856574 0.4918068 0.3283011 0.4640462 0.3560126 0.3614382 0.3346403 0.3421190 0.4555122 
Philippe2009_Allomyces_macrogynus_28583_Gene_0085            0.5025335 0.0000000 0.1959155 0.4372400 0.5167822 0.4354870 0.4390346 0.5209054 0.5321071 0.5845239 0.5151342 0.4744369 0.4828545 0.7036303 0.4882659 0.4701775 0.5607048 0.4763551 0.4638052 0.5060509 0.5050890 0.4931502 0.5337991 0.4662395 0.5247224 0.6930460 0.5574772 0.5503383 0.5166945 0.5229630 0.4932199 0.4982579 0.5245742 0.4902283 0.5160433 0.5754122 0.3053206 0.6445784 0.5085134 0.4862780 0.3175906 0.5111853 0.4936396 0.4917633 0.3512425 0.5679693 0.4012556 0.5118471 0.4507632 0.5474379 0.4850841 0.6832614 
Philippe2009_Amoebidium_parasiticum_4881_Gene_0085           0.1436654 0.1959155 0.0000000 0.1251463 0.2314765 0.2556897 0.1681453 0.1493514 0.1997931 9.0000000 0.1658745 0.2010861 0.1447203 9.0000000 0.1828339 0.1432605 0.2127538 0.1634984 0.1807096 0.1071468 0.1431428 0.2004620 0.1826437 0.1704739 0.2174996 0.1345575 0.1475971 0.3765265 0.2530028 0.1620603 0.2067383 0.1435404 0.1873918 0.1854016 0.2419268 0.2812078 0.2214814 0.1867435 0.1812184 0.2333438 0.1998617 0.1071468 0.1638128 0.0909878 0.1950329 0.1750290 0.2078229 0.2095199 0.2294343 0.1685647 0.2128651 0.2157524 
Philippe2009_Anoplodactylus_eroticus_488521_Gene_0085        0.2828912 0.4372400 0.1251463 0.0000000 0.2788754 0.6218874 0.2533814 0.3019896 0.4118244 0.6539914 0.2389977 0.3155753 0.2469999 0.3336801 0.2672487 0.2368589 0.6173672 0.2381549 0.2498590 0.2532048 0.3122487 0.3353725 0.2813458 0.3127487 0.3087055 0.4396654 0.2426070 0.5318720 0.4707990 0.2742475 0.2981704 0.2857509 0.3730845 0.2954284 0.3339220 0.3166079 0.5151318 0.4343835 0.3353694 0.5096935 0.4942320 0.2577336 0.2264878 0.4758518 0.5114553 0.2838178 0.4344073 0.3114055 0.3673351 0.2393512 0.3197713 0.4428196 
Philippe2009_Aplysia_californica_6500_Gene_0085              0.2912975 0.5167822 0.2314765 0.2788754 0.0000000 0.6177239 0.2692074 0.3007664 0.3778701 0.8537259 0.2374147 0.2756820 0.2691695 0.3795517 0.2914683 0.2520066 0.6531748 0.2643298 0.2815481 0.3122700 0.2489514 0.2762612 0.2747139 0.3188585 0.2929798 0.4667126 0.2944815 0.5746304 0.4789111 0.2786294 0.3255946 0.2832028 0.3384657 0.3117991 0.3336627 0.3412202 0.4910320 0.4825302 0.2673660 0.5209534 0.5031559 0.2713176 0.2472529 0.5779788 0.5098326 0.3157622 0.4354274 0.3479122 0.4009238 0.2985799 0.3391386 0.4337081 
Philippe2009_Batrachochytrium_dendrobatidis_109871_Gene_0085 0.5513826 0.4354870 0.2556897 0.6218874 0.6177239 0.0000000 0.5783391 0.6836636 0.6145954 1.0808700 0.6047814 0.5889607 0.6463891 0.7476872 0.6185185 0.6158793 0.6910093 0.5771826 0.5999731 0.5831629 0.5678656 0.6246121 0.6094249 0.6872166 0.6098941 0.7890384 0.7042073 0.5680131 0.5183619 0.5497596 0.6031844 0.5737965 0.6215171 0.5965645 0.5981809 0.6550077 0.4458741 0.7467235 0.6050434 0.5502972 0.4497745 0.6248445 0.5780220 0.5502856 0.2940290 0.6358723 0.5784716 0.6733434 0.5912261 0.5985905 0.6048364 0.8088663 
Philippe2009_Branchiostoma_floridae_7739_Gene_0085           0.2707390 0.4390346 0.1681453 0.2533814 0.2692074 0.5783391 0.0000000 0.2726556 0.3975612 0.6367610 0.2379967 0.3150314 0.2376357 0.4807104 0.2654650 0.2534075 0.6148330 0.2280366 0.2134993 0.2658665 0.2952207 0.3030303 0.2511800 0.3285945 0.2771885 0.4380386 0.2701146 0.4596112 0.4677773 0.2624363 0.2785383 0.2388640 0.2958770 0.2792384 0.2598031 0.3597361 0.4316080 0.4306419 0.2885838 0.4498817 0.4187637 0.2777359 0.2419198 0.4736175 0.4755192 0.3246448 0.4376638 0.3569005 0.3756272 0.2506513 0.3065321 0.4764826 
Philippe2009_Capitella_teleta_283909_Gene_0085               0.3345395 0.5209054 0.1493514 0.3019896 0.3007664 0.6836636 0.2726556 0.0000000 0.4349886 0.7942218 0.3159510 0.3651084 0.2711520 0.4125644 0.3360123 0.3265520 0.5718884 0.3013028 0.3040737 0.3118376 0.3119122 0.3404882 0.3089766 0.3362160 0.3378825 0.4701251 0.2918631 0.5112396 0.5080180 0.3512636 0.3471508 0.3148780 0.3857083 0.3428296 0.3644355 0.3939444 0.5642105 0.4437943 0.3151228 0.5125124 0.5332099 0.2994063 0.2946750 0.5077844 0.5214339 0.3244520 0.4651711 0.4204632 0.4301564 0.2447210 0.3176893 0.4749825 
Philippe2009_Capsaspora_owczarzaki_192875_Gene_0085          0.3843769 0.5321071 0.1997931 0.4118244 0.3778701 0.6145954 0.3975612 0.4349886 0.0000000 0.7794513 0.4401139 0.4470265 0.4476529 0.6330798 0.4753839 0.4494174 0.6223456 0.4225806 0.4148687 0.4328892 0.4186005 0.4266920 0.4342086 0.4911435 0.4060958 0.4552595 0.4520711 0.5329529 0.4717741 0.3919728 0.4569227 0.3715241 0.3928380 0.4406583 0.4109202 0.5250274 0.4989757 0.4182969 0.4204172 0.5236385 0.5060034 0.3859836 0.4111072 0.5053873 0.4989390 0.4729385 0.4826331 0.4308221 0.3956876 0.4423804 0.5328007 0.4667373 
Philippe2009_Carteriospongia_foliascens_593584_Gene_0085     0.6598331 0.5845239 9.0000000 0.6539914 0.8537259 1.0808700 0.6367610 0.7942218 0.7794513 0.0000000 0.7905252 0.7299225 0.7098173 0.7091296 0.5838136 0.6595787 0.7331515 0.7338789 0.7108823 0.5971448 0.7207719 0.6917127 0.6637665 0.7078895 0.7253753 0.9390322 0.7039566 0.7132322 0.8602460 0.6890939 0.6618361 0.7743086 0.8192837 0.7663345 0.7679368 0.6437578 0.9047071 0.9339297 0.7883961 0.5808209 0.8905257 0.5801609 0.7004536 0.9558845 0.8355872 0.6125892 0.4021792 0.6250516 0.6621254 0.6963180 0.6783312 0.9608361 
Philippe2009_Ciona_savignyi_51511_Gene_0085                  0.2884386 0.5151342 0.1658745 0.2389977 0.2374147 0.6047814 0.2379967 0.3159510 0.4401139 0.7905252 0.0000000 0.2970748 0.2129747 0.2989823 0.2789603 0.2702203 0.6290961 0.2644320 0.2713348 0.2738959 0.3002289 0.3396019 0.2745242 0.3457751 0.2577403 0.4655720 0.1782542 0.5480173 0.4831067 0.2413929 0.2926655 0.2358741 0.3663670 0.2505807 0.3327160 0.3417493 0.4853281 0.4913854 0.3432696 0.5152705 0.4792692 0.2430923 0.2671026 0.4948762 0.4692589 0.3029796 0.4508489 0.3233824 0.4303248 0.2556732 0.3023846 0.4266265 
Philippe2009_Clytia_hemisphaerica_252671_Gene_0085           0.3137668 0.4744369 0.2010861 0.3155753 0.2756820 0.5889607 0.3150314 0.3651084 0.4470265 0.7299225 0.2970748 0.0000000 0.2228709 0.4241525 0.2918687 0.2963718 0.6150593 0.3348025 0.3841534 0.3392957 0.2194842 0.2071080 0.3063967 0.3084067 0.3122621 0.5116464 0.3548552 0.5665322 0.4894346 0.2576269 0.3393227 0.2803780 0.3840263 0.3280197 0.3579489 0.3611117 0.5171096 0.5085848 0.2278693 0.4675280 0.5446954 0.3161421 0.2984030 0.5114217 0.4973580 0.3556674 0.4291916 0.3508812 0.3961211 0.3520041 0.3463372 0.4989375 
Philippe2009_Crassostrea_gigas_29159_Gene_0085               0.2892975 0.4828545 0.1447203 0.2469999 0.2691695 0.6463891 0.2376357 0.2711520 0.4476529 0.7098173 0.2129747 0.2228709 0.0000000 0.3982266 0.2694358 0.2209032 0.5929958 0.2361694 0.2619249 0.2810909 0.2606739 0.2591737 0.2788012 0.3109382 0.2761844 0.4744887 0.2748266 0.5063571 0.4706346 0.2257051 0.2829102 0.2498503 0.3751213 0.2612393 0.2974343 0.3381479 0.5015564 0.4636713 0.2602560 0.4610785 0.5026180 0.2671581 0.2233448 0.4901991 0.4906891 0.2856690 0.4110665 0.3509811 0.3799317 0.2604677 0.2869881 0.4683237 
Philippe2009_Cyanea_capillata_27804_Gene_0085                0.5039313 0.7036303 9.0000000 0.3336801 0.3795517 0.7476872 0.4807104 0.4125644 0.6330798 0.7091296 0.2989823 0.4241525 0.3982266 0.0000000 0.4840579 0.5629662 0.7602807 0.4099571 0.5302687 0.4768029 0.3521098 0.5083618 0.5355141 0.4464175 0.4223489 0.5632382 0.3434810 0.8251108 0.5597878 0.5146990 0.3272101 0.4776954 0.5719474 0.4790552 0.5055827 0.5061529 0.5741275 0.6806262 0.5051727 0.8068756 0.5529850 0.2829811 0.4071251 0.6806214 0.7477389 0.4309571 0.6500845 0.4302069 0.4927229 0.3551923 0.3414895 0.4133307 
Philippe2009_Danio_rerio_7955_Gene_0085                      0.2982212 0.4882659 0.1828339 0.2672487 0.2914683 0.6185185 0.2654650 0.3360123 0.4753839 0.5838136 0.2789603 0.2918687 0.2694358 0.4840579 0.0000000 0.2727993 0.6189103 0.2892406 0.3224530 0.2577199 0.2902214 0.3185142 0.2767781 0.3711226 0.2988294 0.4777538 0.3275881 0.5705117 0.4764133 0.2579174 0.3029374 0.2869142 0.4038515 0.3256447 0.3346447 0.1688892 0.5269458 0.5170919 0.3045515 0.4857278 0.5041789 0.3150423 0.2942181 0.5777675 0.4968843 0.3085643 0.4357349 0.3863179 0.3939289 0.3033512 0.3296639 0.4920699 
Philippe2009_Daphnia_pulex_6669_Gene_0085                    0.2867170 0.4701775 0.1432605 0.2368589 0.2520066 0.6158793 0.2534075 0.3265520 0.4494174 0.6595787 0.2702203 0.2963718 0.2209032 0.5629662 0.2727993 0.0000000 0.6175842 0.1685793 0.2472406 0.2627391 0.2579910 0.3009244 0.2517564 0.2949453 0.2814686 0.4825025 0.2907174 0.5032575 0.4679263 0.2534228 0.3145309 0.2681525 0.3580696 0.2893178 0.2628848 0.3482752 0.4379116 0.4777540 0.2846128 0.4861497 0.5152344 0.3029020 0.2106097 0.5002076 0.5356056 0.2689827 0.4308355 0.3525868 0.3851005 0.2536784 0.3535535 0.4632837 
Philippe2009_Ephydatia_muelleri_6052_Gene_0085               0.6383679 0.5607048 0.2127538 0.6173672 0.6531748 0.6910093 0.6148330 0.5718884 0.6223456 0.7331515 0.6290961 0.6150593 0.5929958 0.7602807 0.6189103 0.6175842 0.0000000 0.5624905 0.6443254 0.6533689 0.6035233 0.5828300 0.6437183 0.6761630 0.5766718 0.7019320 0.6365393 0.6965400 0.5828686 0.6278652 0.6512030 0.5987226 0.6421433 0.6249818 0.6167347 0.6190081 0.5739287 0.6556489 0.4950833 0.5284637 0.5864350 0.6205820 0.5683171 0.6445239 0.5551892 0.6652789 0.4664963 0.6569721 0.6111617 0.5748019 0.6120043 0.7329967 
Philippe2009_Euperipatoides_kanangrensis_488523_Gene_0085    0.2790847 0.4763551 0.1634984 0.2381549 0.2643298 0.5771826 0.2280366 0.3013028 0.4225806 0.7338789 0.2644320 0.3348025 0.2361694 0.4099571 0.2892406 0.1685793 0.5624905 0.0000000 0.2265672 0.2331463 0.2931928 0.3076908 0.2426047 0.3367346 0.2583436 0.4730660 0.3082462 0.4808360 0.4603169 0.2874165 0.2846401 0.2690034 0.3685444 0.2998461 0.2766480 0.3695172 0.4562373 0.4601833 0.2801411 0.4651611 0.4971984 0.3059391 0.1777119 0.5108640 0.5316902 0.2666541 0.4646234 0.3855931 0.3898421 0.2235364 0.3092145 0.4566786 
Philippe2009_Euprymna_scolopes_6613_Gene_0085                0.2821821 0.4638052 0.1807096 0.2498590 0.2815481 0.5999731 0.2134993 0.3040737 0.4148687 0.7108823 0.2713348 0.3841534 0.2619249 0.5302687 0.3224530 0.2472406 0.6443254 0.2265672 0.0000000 0.3179501 0.3100891 0.3547542 0.2764373 0.3741146 0.3103886 0.4823371 0.3303597 0.5171337 0.4759269 0.2952484 0.3695766 0.3001400 0.3682567 0.3245809 0.3069729 0.3827688 0.5002143 0.4540594 0.3310707 0.5045334 0.5000171 0.3224914 0.2496792 0.5257789 0.5177212 0.3262047 0.4299618 0.3731451 0.4114866 0.2823450 0.3422915 0.4811518 
Philippe2009_Helobdella_robusta_6412_Gene_0085               0.3118075 0.5060509 0.1071468 0.2532048 0.3122700 0.5831629 0.2658665 0.3118376 0.4328892 0.5971448 0.2738959 0.3392957 0.2810909 0.4768029 0.2577199 0.2627391 0.6533689 0.2331463 0.3179501 0.0000000 0.3037994 0.2971828 0.2830767 0.3426807 0.3025221 0.4614755 0.3218520 0.4940167 0.4902763 0.2773018 0.3368565 0.2599522 0.3824022 0.3065479 0.3241177 0.3308862 0.5212874 0.4763953 0.3159362 0.4568982 0.5014565 0.2478886 0.2588311 0.5317446 0.5252646 0.2908716 0.4903462 0.3537452 0.3988203 0.2093361 0.2815083 0.4500404 
Philippe2009_Hydra_magnipapillata_6087_Gene_0085             0.2668078 0.5050890 0.1431428 0.3122487 0.2489514 0.5678656 0.2952207 0.3119122 0.4186005 0.7207719 0.3002289 0.2194842 0.2606739 0.3521098 0.2902214 0.2579910 0.6035233 0.2931928 0.3100891 0.3037994 0.0000000 0.1808603 0.2955709 0.3241098 0.2629118 0.4673808 0.3200241 0.5282226 0.4430905 0.2311140 0.3037459 0.2373259 0.3830393 0.2857177 0.3213892 0.3395832 0.5107404 0.4917823 0.1534051 0.4485091 0.5384279 0.2827755 0.2770372 0.5037433 0.4652173 0.3185920 0.4157284 0.3805919 0.3930592 0.2866528 0.3800247 0.4759056 
Philippe2009_Hydractinia_echinata_35630_Gene_0085            0.3133530 0.4931502 0.2004620 0.3353725 0.2762612 0.6246121 0.3030303 0.3404882 0.4266920 0.6917127 0.3396019 0.2071080 0.2591737 0.5083618 0.3185142 0.3009244 0.5828300 0.3076908 0.3547542 0.2971828 0.1808603 0.0000000 0.3075901 0.3241302 0.2621386 0.4552863 0.3709440 0.5282762 0.5000212 0.2538965 0.2933004 0.2406957 0.3775355 0.3186885 0.3222040 0.3581854 0.5262061 0.4724261 0.0847443 0.5028971 0.5608295 0.3033517 0.2843327 0.5555007 0.5385007 0.3306200 0.4300937 0.3518277 0.3780466 0.3245609 0.3747152 0.4719605 
Philippe2009_Ixodes_scapularis_6945_Gene_0085                0.2512051 0.5337991 0.1826437 0.2813458 0.2747139 0.6094249 0.2511800 0.3089766 0.4342086 0.6637665 0.2745242 0.3063967 0.2788012 0.5355141 0.2767781 0.2517564 0.6437183 0.2426047 0.2764373 0.2830767 0.2955709 0.3075901 0.0000000 0.3242978 0.2706239 0.4129771 0.2898355 0.5328554 0.4782184 0.2386230 0.3303607 0.2445727 0.3746468 0.3021815 0.3120360 0.3339636 0.5257825 0.4455145 0.2912185 0.5175036 0.5351433 0.2302762 0.1893282 0.5259237 0.5218997 0.2927581 0.4810937 0.4040052 0.3841006 0.2601283 0.2791733 0.4279565 
Philippe2009_Leucetta_chagosensis_185688_Gene_0085           0.3607636 0.4662395 0.1704739 0.3127487 0.3188585 0.6872166 0.3285945 0.3362160 0.4911435 0.7078895 0.3457751 0.3084067 0.3109382 0.4464175 0.3711226 0.2949453 0.6761630 0.3367346 0.3741146 0.3426807 0.3241098 0.3241302 0.3242978 0.0000000 0.3626456 0.4699830 0.3551736 0.5375053 0.5252824 0.3524131 0.3751798 0.3297124 0.3972387 0.3558114 0.3492221 0.4011484 0.5384840 0.4552059 0.3477495 0.5267614 0.5477954 0.3191574 0.3357300 0.4834363 0.4973660 0.3606824 0.4468302 0.3059191 0.3880582 0.3286617 0.3599907 0.4907702 
Philippe2009_Metridium_senile_6116_Gene_0085                 0.2424727 0.5247224 0.2174996 0.3087055 0.2929798 0.6098941 0.2771885 0.3378825 0.4060958 0.7253753 0.2577403 0.3122621 0.2761844 0.4223489 0.2988294 0.2814686 0.5766718 0.2583436 0.3103886 0.3025221 0.2629118 0.2621386 0.2706239 0.3626456 0.0000000 0.4509841 0.3300401 0.5162646 0.4688393 0.1825081 0.3352695 0.1586625 0.3619208 0.2686981 0.3029033 0.3245070 0.5083990 0.4648895 0.2381444 0.4372621 0.5163658 0.2803271 0.2563389 0.5135582 0.5453793 0.3445223 0.4734801 0.3643924 0.3276703 0.2842362 0.3793483 0.4657766 
Philippe2009_Mnemiopsis_leidyi_27923_Gene_0085               0.4361163 0.6930460 0.1345575 0.4396654 0.4667126 0.7890384 0.4380386 0.4701251 0.4552595 0.9390322 0.4655720 0.5116464 0.4744887 0.5632382 0.4777538 0.4825025 0.7019320 0.4730660 0.4823371 0.4614755 0.4673808 0.4552863 0.4129771 0.4699830 0.4509841 0.0000000 0.4475420 0.6518849 0.6437656 0.4521132 0.4289683 0.4428040 0.4913783 0.4775706 0.4712037 0.4961478 0.6262408 0.1598769 0.3973643 0.6603965 0.6155335 0.4112576 0.4514811 0.5644885 0.6205811 0.4799086 0.6262637 0.5204151 0.5315854 0.4605155 0.4414860 0.1781188 
Philippe2009_Molgula_tectiformis_30286_Gene_0085             0.3134728 0.5574772 0.1475971 0.2426070 0.2944815 0.7042073 0.2701146 0.2918631 0.4520711 0.7039566 0.1782542 0.3548552 0.2748266 0.3434810 0.3275881 0.2907174 0.6365393 0.3082462 0.3303597 0.3218520 0.3200241 0.3709440 0.2898355 0.3551736 0.3300401 0.4475420 0.0000000 0.5732275 0.5423590 0.2818163 0.3381348 0.2842986 0.4068501 0.2958697 0.3471055 0.3874037 0.5652970 0.4771677 0.3590764 0.5780168 0.5397433 0.2712698 0.2839779 0.4981592 0.5354049 0.2776927 0.4273802 0.3547504 0.4562026 0.2949058 0.3575790 0.4392176 
Philippe2009_Monosiga_brevicollis_81824_Gene_0085            0.5393727 0.5503383 0.3765265 0.5318720 0.5746304 0.5680131 0.4596112 0.5112396 0.5329529 0.7132322 0.5480173 0.5665322 0.5063571 0.8251108 0.5705117 0.5032575 0.6965400 0.4808360 0.5171337 0.4940167 0.5282226 0.5282762 0.5328554 0.5375053 0.5162646 0.6518849 0.5732275 0.0000000 0.5306633 0.5042068 0.5180831 0.4825775 0.5356372 0.4913017 0.5233132 0.6067277 0.5501489 0.6086898 0.5503023 0.5368260 0.5688730 0.5136042 0.4665961 0.5591121 0.5464143 0.5583904 0.6002688 0.5373714 0.4581023 0.5228243 0.5815707 0.6379009 
Philippe2009_Monosiga_ovata_81526_Gene_0085                  0.4559925 0.5166945 0.2530028 0.4707990 0.4789111 0.5183619 0.4677773 0.5080180 0.4717741 0.8602460 0.4831067 0.4894346 0.4706346 0.5597878 0.4764133 0.4679263 0.5828686 0.4603169 0.4759269 0.4902763 0.4430905 0.5000212 0.4782184 0.5252824 0.4688393 0.6437656 0.5423590 0.5306633 0.0000000 0.4393073 0.4851385 0.4396347 0.4799689 0.4948173 0.4983341 0.5388237 0.5426266 0.6260962 0.4382210 0.4784899 0.5572630 0.4189779 0.4906579 0.5346669 0.5190750 0.5250061 0.4880700 0.4996767 0.5080938 0.4416654 0.4899440 0.6335989 
Philippe2009_Montastraea_faveolata_48498_Gene_0085           0.1598442 0.5229630 0.1620603 0.2742475 0.2786294 0.5497596 0.2624363 0.3512636 0.3919728 0.6890939 0.2413929 0.2576269 0.2257051 0.5146990 0.2579174 0.2534228 0.6278652 0.2874165 0.2952484 0.2773018 0.2311140 0.2538965 0.2386230 0.3524131 0.1825081 0.4521132 0.2818163 0.5042068 0.4393073 0.0000000 0.3220887 0.1186141 0.3510283 0.2733884 0.3143614 0.3263919 0.4714051 0.4667025 0.2289219 0.4356676 0.4555136 0.2563519 0.2399211 0.5239768 0.4856981 0.2936713 0.4362969 0.3695526 0.3424878 0.2620672 0.3575016 0.4502821 
Philippe2009_Nasonia_vitripennis_7425_Gene_0085              0.3096202 0.4932199 0.2067383 0.2981704 0.3255946 0.6031844 0.2785383 0.3471508 0.4569227 0.6618361 0.2926655 0.3393227 0.2829102 0.3272101 0.3029374 0.3145309 0.6512030 0.2846401 0.3695766 0.3368565 0.3037459 0.2933004 0.3303607 0.3751798 0.3352695 0.4289683 0.3381348 0.5180831 0.4851385 0.3220887 0.0000000 0.2758202 0.3594628 0.3018071 0.1988143 0.3236558 0.5158397 0.5022056 0.2688733 0.4773941 0.5562428 0.3131095 0.2688292 0.5214203 0.5077658 0.3368039 0.4543252 0.3438637 0.3572856 0.2897871 0.3490215 0.4699046 
Philippe2009_Nematostella_vectensis_45351_Gene_0085          0.1946747 0.4982579 0.1435404 0.2857509 0.2832028 0.5737965 0.2388640 0.3148780 0.3715241 0.7743086 0.2358741 0.2803780 0.2498503 0.4776954 0.2869142 0.2681525 0.5987226 0.2690034 0.3001400 0.2599522 0.2373259 0.2406957 0.2445727 0.3297124 0.1586625 0.4428040 0.2842986 0.4825775 0.4396347 0.1186141 0.2758202 0.0000000 0.3644733 0.2615341 0.2812003 0.3334667 0.4800022 0.4634616 0.2120209 0.4269556 0.4662652 0.2655300 0.2454476 0.5132470 0.4908272 0.2886001 0.4493701 0.3370690 0.3263603 0.2477628 0.3415411 0.4501336 
Philippe2009_Oscarella_carmela_386100_Gene_0085              0.3548355 0.5245742 0.1873918 0.3730845 0.3384657 0.6215171 0.2958770 0.3857083 0.3928380 0.8192837 0.3663670 0.3840263 0.3751213 0.5719474 0.4038515 0.3580696 0.6421433 0.3685444 0.3682567 0.3824022 0.3830393 0.3775355 0.3746468 0.3972387 0.3619208 0.4913783 0.4068501 0.5356372 0.4799689 0.3510283 0.3594628 0.3644733 0.0000000 0.3500462 0.3505245 0.4629004 0.5211734 0.4911617 0.3632828 0.4987419 0.5343611 0.3483527 0.3895350 0.5349207 0.5316466 0.4409714 0.5105773 0.4316187 0.3893789 0.3546194 0.4179103 0.5230055 
Philippe2009_Pedicellina_cernua_43123_Gene_0085              0.3045366 0.4902283 0.1854016 0.2954284 0.3117991 0.5965645 0.2792384 0.3428296 0.4406583 0.7663345 0.2505807 0.3280197 0.2612393 0.4790552 0.3256447 0.2893178 0.6249818 0.2998461 0.3245809 0.3065479 0.2857177 0.3186885 0.3021815 0.3558114 0.2686981 0.4775706 0.2958697 0.4913017 0.4948173 0.2733884 0.3018071 0.2615341 0.3500462 0.0000000 0.2618414 0.3568687 0.4764231 0.4726134 0.2965292 0.4658539 0.4973273 0.3034702 0.2540103 0.4548515 0.4894272 0.3121705 0.4383260 0.4046835 0.3375183 0.2807823 0.3585905 0.4679818 
Philippe2009_Pediculus_humanus_121225_Gene_0085              0.2850863 0.5160433 0.2419268 0.3339220 0.3336627 0.5981809 0.2598031 0.3644355 0.4109202 0.7679368 0.3327160 0.3579489 0.2974343 0.5055827 0.3346447 0.2628848 0.6167347 0.2766480 0.3069729 0.3241177 0.3213892 0.3222040 0.3120360 0.3492221 0.3029033 0.4712037 0.3471055 0.5233132 0.4983341 0.3143614 0.1988143 0.2812003 0.3505245 0.2618414 0.0000000 0.3344875 0.5235258 0.4455426 0.3005551 0.4645107 0.5521010 0.3380451 0.2528220 0.5163179 0.5313028 0.3493888 0.4900456 0.3645053 0.4287000 0.2863252 0.3882731 0.4777220 
Philippe2009_Petromyzon_marinus_7757_Gene_0085               0.3528092 0.5754122 0.2812078 0.3166079 0.3412202 0.6550077 0.3597361 0.3939444 0.5250274 0.6437578 0.3417493 0.3611117 0.3381479 0.5061529 0.1688892 0.3482752 0.6190081 0.3695172 0.3827688 0.3308862 0.3395832 0.3581854 0.3339636 0.4011484 0.3245070 0.4961478 0.3874037 0.6067277 0.5388237 0.3263919 0.3236558 0.3334667 0.4629004 0.3568687 0.3344875 0.0000000 0.5996065 0.5156673 0.3395402 0.4925342 0.6078981 0.3641568 0.3453522 0.6201883 0.5110249 0.3453306 0.4957131 0.4125253 0.4496460 0.3175585 0.3892013 0.5230757 
Philippe2009_Phycomyces_blakesleeanus_4837_Gene_0085         0.4722607 0.3053206 0.2214814 0.5151318 0.4910320 0.4458741 0.4316080 0.5642105 0.4989757 0.9047071 0.4853281 0.5171096 0.5015564 0.5741275 0.5269458 0.4379116 0.5739287 0.4562373 0.5002143 0.5212874 0.5107404 0.5262061 0.5257825 0.5384840 0.5083990 0.6262408 0.5652970 0.5501489 0.5426266 0.4714051 0.5158397 0.4800022 0.5211734 0.4764231 0.5235258 0.5996065 0.0000000 0.6116230 0.4879170 0.5005667 0.1124707 0.5020032 0.4975993 0.4894118 0.3506927 0.5405676 0.4311464 0.5056863 0.4494122 0.5721587 0.5113295 0.6595410 
Philippe2009_Pleurobrachia_pileus_140457_Gene_0085           0.4562793 0.6445784 0.1867435 0.4343835 0.4825302 0.7467235 0.4306419 0.4437943 0.4182969 0.9339297 0.4913854 0.5085848 0.4636713 0.6806262 0.5170919 0.4777540 0.6556489 0.4601833 0.4540594 0.4763953 0.4917823 0.4724261 0.4455145 0.4552059 0.4648895 0.1598769 0.4771677 0.6086898 0.6260962 0.4667025 0.5022056 0.4634616 0.4911617 0.4726134 0.4455426 0.5156673 0.6116230 0.0000000 0.4089858 0.6250232 0.6249224 0.4520337 0.4236893 0.5699395 0.6285474 0.4466669 0.5883950 0.5043489 0.4885811 0.4693011 0.4638607 0.1853952 
Philippe2009_Podocoryne_carnea_6096_Gene_0085                0.2918771 0.5085134 0.1812184 0.3353694 0.2673660 0.6050434 0.2885838 0.3151228 0.4204172 0.7883961 0.3432696 0.2278693 0.2602560 0.5051727 0.3045515 0.2846128 0.4950833 0.2801411 0.3310707 0.3159362 0.1534051 0.0847443 0.2912185 0.3477495 0.2381444 0.3973643 0.3590764 0.5503023 0.4382210 0.2289219 0.2688733 0.2120209 0.3632828 0.2965292 0.3005551 0.3395402 0.4879170 0.4089858 0.0000000 0.4329826 0.5173636 0.3037096 0.2549067 0.4756949 0.5237520 0.3146092 0.3808051 0.3727889 0.3472511 0.2863379 0.3886772 0.4239658 
Philippe2009_Amphimedon_queenslandica_400682_Gene_0085       0.4613126 0.4862780 0.2333438 0.5096935 0.5209534 0.5502972 0.4498817 0.5125124 0.5236385 0.5808209 0.5152705 0.4675280 0.4610785 0.8068756 0.4857278 0.4861497 0.5284637 0.4651611 0.5045334 0.4568982 0.4485091 0.5028971 0.5175036 0.5267614 0.4372621 0.6603965 0.5780168 0.5368260 0.4784899 0.4356676 0.4773941 0.4269556 0.4987419 0.4658539 0.4645107 0.4925342 0.5005667 0.6250232 0.4329826 0.0000000 0.5182445 0.4538559 0.4602593 0.5613656 0.4779713 0.5099017 0.3535061 0.4939533 0.4858549 0.4647956 0.5309179 0.7070458 
Philippe2009_Rhizopus_oryzae_64495_Gene_0085                 0.4738259 0.3175906 0.1998617 0.4942320 0.5031559 0.4497745 0.4187637 0.5332099 0.5060034 0.8905257 0.4792692 0.5446954 0.5026180 0.5529850 0.5041789 0.5152344 0.5864350 0.4971984 0.5000171 0.5014565 0.5384279 0.5608295 0.5351433 0.5477954 0.5163658 0.6155335 0.5397433 0.5688730 0.5572630 0.4555136 0.5562428 0.4662652 0.5343611 0.4973273 0.5521010 0.6078981 0.1124707 0.6249224 0.5173636 0.5182445 0.0000000 0.4895776 0.4902309 0.5096561 0.3554883 0.5488830 0.4315204 0.5083356 0.4656392 0.5151770 0.4587874 0.6729558 
Philippe2009_Saccoglossus_kowalevskii_10224_Gene_0085        0.2883860 0.5111853 0.1071468 0.2577336 0.2713176 0.6248445 0.2777359 0.2994063 0.3859836 0.5801609 0.2430923 0.3161421 0.2671581 0.2829811 0.3150423 0.3029020 0.6205820 0.3059391 0.3224914 0.2478886 0.2827755 0.3033517 0.2302762 0.3191574 0.2803271 0.4112576 0.2712698 0.5136042 0.4189779 0.2563519 0.3131095 0.2655300 0.3483527 0.3034702 0.3380451 0.3641568 0.5020032 0.4520337 0.3037096 0.4538559 0.4895776 0.0000000 0.2724083 0.4503016 0.4934143 0.2626204 0.4022815 0.3075396 0.3591170 0.2389718 0.2942765 0.4250838 
Philippe2009_Scutigera_coleoptrata_29022_Gene_0085           0.2740081 0.4936396 0.1638128 0.2264878 0.2472529 0.5780220 0.2419198 0.2946750 0.4111072 0.7004536 0.2671026 0.2984030 0.2233448 0.4071251 0.2942181 0.2106097 0.5683171 0.1777119 0.2496792 0.2588311 0.2770372 0.2843327 0.1893282 0.3357300 0.2563389 0.4514811 0.2839779 0.4665961 0.4906579 0.2399211 0.2688292 0.2454476 0.3895350 0.2540103 0.2528220 0.3453522 0.4975993 0.4236893 0.2549067 0.4602593 0.4902309 0.2724083 0.0000000 0.4886016 0.5176105 0.2628862 0.4097353 0.3625947 0.3687389 0.2223197 0.3155585 0.4338918 
Philippe2009_Sphaeroforma_arctica_72019_Gene_0085            0.4856574 0.4917633 0.0909878 0.4758518 0.5779788 0.5502856 0.4736175 0.5077844 0.5053873 0.9558845 0.4948762 0.5114217 0.4901991 0.6806214 0.5777675 0.5002076 0.6445239 0.5108640 0.5257789 0.5317446 0.5037433 0.5555007 0.5259237 0.4834363 0.5135582 0.5644885 0.4981592 0.5591121 0.5346669 0.5239768 0.5214203 0.5132470 0.5349207 0.4548515 0.5163179 0.6201883 0.4894118 0.5699395 0.4756949 0.5613656 0.5096561 0.4503016 0.4886016 0.0000000 0.5137312 0.4635223 0.4979843 0.5826854 0.4945627 0.5045051 0.5671829 0.5987673 
Philippe2009_Spizellomyces_punctatus_109760_Gene_0085        0.4918068 0.3512425 0.1950329 0.5114553 0.5098326 0.2940290 0.4755192 0.5214339 0.4989390 0.8355872 0.4692589 0.4973580 0.4906891 0.7477389 0.4968843 0.5356056 0.5551892 0.5316902 0.5177212 0.5252646 0.4652173 0.5385007 0.5218997 0.4973660 0.5453793 0.6205811 0.5354049 0.5464143 0.5190750 0.4856981 0.5077658 0.4908272 0.5316466 0.4894272 0.5313028 0.5110249 0.3506927 0.6285474 0.5237520 0.4779713 0.3554883 0.4934143 0.5176105 0.5137312 0.0000000 0.5342356 0.4672527 0.5235250 0.4924175 0.5025884 0.4843042 0.6693489 
Philippe2009_Strongylocentrotus_purpuratus_7668_Gene_0085    0.3283011 0.5679693 0.1750290 0.2838178 0.3157622 0.6358723 0.3246448 0.3244520 0.4729385 0.6125892 0.3029796 0.3556674 0.2856690 0.4309571 0.3085643 0.2689827 0.6652789 0.2666541 0.3262047 0.2908716 0.3185920 0.3306200 0.2927581 0.3606824 0.3445223 0.4799086 0.2776927 0.5583904 0.5250061 0.2936713 0.3368039 0.2886001 0.4409714 0.3121705 0.3493888 0.3453306 0.5405676 0.4466669 0.3146092 0.5099017 0.5488830 0.2626204 0.2628862 0.4635223 0.5342356 0.0000000 0.4427429 0.4003075 0.3881348 0.2733854 0.3676791 0.4537397 
Philippe2009_Suberites_domuncula_55567_Gene_0085             0.4640462 0.4012556 0.2078229 0.4344073 0.4354274 0.5784716 0.4376638 0.4651711 0.4826331 0.4021792 0.4508489 0.4291916 0.4110665 0.6500845 0.4357349 0.4308355 0.4664963 0.4646234 0.4299618 0.4903462 0.4157284 0.4300937 0.4810937 0.4468302 0.4734801 0.6262637 0.4273802 0.6002688 0.4880700 0.4362969 0.4543252 0.4493701 0.5105773 0.4383260 0.4900456 0.4957131 0.4311464 0.5883950 0.3808051 0.3535061 0.4315204 0.4022815 0.4097353 0.4979843 0.4672527 0.4427429 0.0000000 0.4268559 0.4264779 0.4599464 0.4741516 0.6450024 
Philippe2009_Sycon_raphanus_56443_Gene_0085                  0.3560126 0.5118471 0.2095199 0.3114055 0.3479122 0.6733434 0.3569005 0.4204632 0.4308221 0.6250516 0.3233824 0.3508812 0.3509811 0.4302069 0.3863179 0.3525868 0.6569721 0.3855931 0.3731451 0.3537452 0.3805919 0.3518277 0.4040052 0.3059191 0.3643924 0.5204151 0.3547504 0.5373714 0.4996767 0.3695526 0.3438637 0.3370690 0.4316187 0.4046835 0.3645053 0.4125253 0.5056863 0.5043489 0.3727889 0.4939533 0.5083356 0.3075396 0.3625947 0.5826854 0.5235250 0.4003075 0.4268559 0.0000000 0.4037354 0.3686770 0.3706870 0.5019255 
Philippe2009_Trichoplax_adhaerens_10228_Gene_0085            0.3614382 0.4507632 0.2294343 0.3673351 0.4009238 0.5912261 0.3756272 0.4301564 0.3956876 0.6621254 0.4303248 0.3961211 0.3799317 0.4927229 0.3939289 0.3851005 0.6111617 0.3898421 0.4114866 0.3988203 0.3930592 0.3780466 0.3841006 0.3880582 0.3276703 0.5315854 0.4562026 0.4581023 0.5080938 0.3424878 0.3572856 0.3263603 0.3893789 0.3375183 0.4287000 0.4496460 0.4494122 0.4885811 0.3472511 0.4858549 0.4656392 0.3591170 0.3687389 0.4945627 0.4924175 0.3881348 0.4264779 0.4037354 0.0000000 0.4305672 0.4113567 0.5255914 
Philippe2009_Tubifex_tubifex_6386_Gene_0085                  0.3346403 0.5474379 0.1685647 0.2393512 0.2985799 0.5985905 0.2506513 0.2447210 0.4423804 0.6963180 0.2556732 0.3520041 0.2604677 0.3551923 0.3033512 0.2536784 0.5748019 0.2235364 0.2823450 0.2093361 0.2866528 0.3245609 0.2601283 0.3286617 0.2842362 0.4605155 0.2949058 0.5228243 0.4416654 0.2620672 0.2897871 0.2477628 0.3546194 0.2807823 0.2863252 0.3175585 0.5721587 0.4693011 0.2863379 0.4647956 0.5151770 0.2389718 0.2223197 0.5045051 0.5025884 0.2733854 0.4599464 0.3686770 0.4305672 0.0000000 0.2854880 0.4858888 
Philippe2009_Xenoturbella_bocki_242395_Gene_0085             0.3421190 0.4850841 0.2128651 0.3197713 0.3391386 0.6048364 0.3065321 0.3176893 0.5328007 0.6783312 0.3023846 0.3463372 0.2869881 0.3414895 0.3296639 0.3535535 0.6120043 0.3092145 0.3422915 0.2815083 0.3800247 0.3747152 0.2791733 0.3599907 0.3793483 0.4414860 0.3575790 0.5815707 0.4899440 0.3575016 0.3490215 0.3415411 0.4179103 0.3585905 0.3882731 0.3892013 0.5113295 0.4638607 0.3886772 0.5309179 0.4587874 0.2942765 0.3155585 0.5671829 0.4843042 0.3676791 0.4741516 0.3706870 0.4113567 0.2854880 0.0000000 0.4183744 
Philippe2009_Mertensiid_sp_140499_Gene_0085                  0.4555122 0.6832614 0.2157524 0.4428196 0.4337081 0.8088663 0.4764826 0.4749825 0.4667373 0.9608361 0.4266265 0.4989375 0.4683237 0.4133307 0.4920699 0.4632837 0.7329967 0.4566786 0.4811518 0.4500404 0.4759056 0.4719605 0.4279565 0.4907702 0.4657766 0.1781188 0.4392176 0.6379009 0.6335989 0.4502821 0.4699046 0.4501336 0.5230055 0.4679818 0.4777220 0.5230757 0.6595410 0.1853952 0.4239658 0.7070458 0.6729558 0.4250838 0.4338918 0.5987673 0.6693489 0.4537397 0.6450024 0.5019255 0.5255914 0.4858888 0.4183744 0.0000000 
