40
Philippe2009_Acropora_millepora_45264_Gene_0081           0.0000000 0.2230977 0.2011472 0.2502784 0.2603611 0.2466120 0.2687261 0.2124663 0.1773065 0.3146591 0.1933186 0.2641853 0.2964108 0.2447024 0.3453731 0.2204571 0.2780912 0.2697619 0.1321907 0.3005988 0.2480067 0.3754746 0.0200880 0.2266400 0.1555221 0.5713498 0.2141275 0.2489868 0.2205110 0.5000630 0.2691347 0.2697619 0.4350664 0.1789669 0.2253443 0.2684393 0.2247968 0.4201954 0.2743180 0.3005988 
Philippe2009_Allomyces_macrogynus_28583_Gene_0081         0.2230977 0.0000000 0.2738191 0.3985027 0.4398310 0.3759081 0.4183924 0.2680022 0.3065543 0.4540529 0.3550552 0.3216010 0.3309930 0.3228099 0.4471044 0.4144888 0.3891086 0.3309876 0.3673937 0.3656999 0.3865408 0.5685136 0.2475999 0.3645374 0.4027718 0.4938961 0.3376592 0.3544975 0.2928902 0.5230891 0.3301220 0.3309876 0.4571280 0.1077887 0.3222793 0.3214376 0.3710134 0.4743484 0.3931304 0.3656999 
Philippe2009_Amoebidium_parasiticum_4881_Gene_0081        0.2011472 0.2738191 0.0000000 0.2745276 0.3426080 0.2948951 0.2874323 0.2422793 0.3661667 0.3155309 0.2815064 0.2671953 0.2739770 0.1708778 0.3630075 0.3122632 0.2804130 0.2696211 0.2291162 0.3209145 0.3355845 0.4194206 0.1775283 0.2741507 0.2542508 0.4678838 0.2165309 0.2510580 0.2622755 0.5810239 0.3161548 0.2696211 0.3056820 0.2071361 0.2230685 0.3593024 0.2782312 0.4363154 0.3475974 0.3209145 
Philippe2009_Anoplodactylus_eroticus_488521_Gene_0081     0.2502784 0.3985027 0.2745276 0.0000000 0.1578215 0.1740084 0.1465334 0.2929724 0.1721189 0.2300472 0.1764349 0.1592815 0.2724209 0.1683465 0.1924880 0.1856487 0.1229781 0.1258364 0.1764499 0.2748133 0.1831439 0.4179075 0.2258144 0.1208410 0.1761757 0.3688158 0.2058915 0.1233658 0.2464343 0.4511540 0.1688751 0.1258364 0.3268593 0.3142831 0.2861419 0.3494943 0.1658812 0.2599883 0.1037135 0.2748133 
Philippe2009_Aplysia_californica_6500_Gene_0081           0.2603611 0.4398310 0.3426080 0.1578215 0.0000000 0.1077703 0.1516364 0.3597787 0.2419693 0.1263427 0.2337456 0.2644958 0.2784910 0.2439083 0.1949789 0.2263424 0.2310441 0.1748074 0.1789351 0.3484123 0.2088610 0.4128442 0.2350140 0.1820886 0.1562266 0.3557385 0.2606889 0.2605616 0.2816648 0.4846166 0.1503732 0.1748074 0.3793319 0.4262835 0.2836216 0.3100779 0.3078238 0.1705899 0.1513606 0.3484123 
Philippe2009_Branchiostoma_floridae_7739_Gene_0081        0.2466120 0.3759081 0.2948951 0.1740084 0.1077703 0.0000000 0.1028556 0.3803930 0.1320816 0.1296406 0.1748272 0.1546539 0.2484715 0.1672181 0.1244178 0.1695934 0.1729713 0.1258473 0.1770304 0.2296868 0.1327263 0.3715801 0.2225563 0.1294351 0.2007830 0.3081567 0.1526433 0.1994594 0.2209728 0.5790656 0.1042373 0.1258473 0.3408168 0.3139787 0.2204029 0.2940133 0.2919542 0.1891521 0.1269165 0.2296868 
Philippe2009_Capitella_teleta_283909_Gene_0081            0.2687261 0.4183924 0.2874323 0.1465334 0.1516364 0.1028556 0.0000000 0.3703670 0.2515944 0.1736536 0.2452168 0.2243460 0.2895154 0.1625086 0.1001833 0.2604670 0.2679457 0.1222629 0.1987069 0.3054266 0.1780001 0.4233256 0.2444457 0.1470473 0.2226672 0.3802090 0.2438334 0.2688595 0.2705444 0.5937363 0.1012739 0.1222629 0.4103429 0.3582170 0.2153594 0.3978630 0.3165691 0.1624817 0.1009926 0.3054266 
Philippe2009_Capsaspora_owczarzaki_192875_Gene_0081       0.2124663 0.2680022 0.2422793 0.2929724 0.3597787 0.3803930 0.3703670 0.0000000 0.3595705 0.4336862 0.3771573 0.4244588 0.3987789 0.3410085 0.4551671 0.3389469 0.3533424 0.3281704 0.2901435 0.3321704 0.4671171 0.5341751 0.2105249 0.2678516 0.3174596 0.6138620 0.3870664 0.3219825 0.3866871 0.3226713 0.3537895 0.3281704 0.3981634 0.2037739 0.2713680 0.4159263 0.2686918 0.5135823 0.3917302 0.3321704 
Philippe2009_Ciona_savignyi_51511_Gene_0081               0.1773065 0.3065543 0.3661667 0.1721189 0.2419693 0.1320816 0.2515944 0.3595705 0.0000000 0.2412206 0.1942716 0.1738599 0.3542952 0.2749370 0.2538005 0.1947215 0.1711013 0.2558135 0.2615401 0.2900084 0.1569666 0.5291740 0.2013189 0.1759491 0.2610212 0.4196620 0.1967818 0.1973746 0.2643179 0.5148894 0.2552085 0.2558135 0.4061713 0.2100587 0.3036515 0.2921879 0.2894416 0.3273653 0.2058185 0.2900084 
Philippe2009_Crassostrea_gigas_29159_Gene_0081            0.3146591 0.4540529 0.3155309 0.2300472 0.1263427 0.1296406 0.1736536 0.4336862 0.2412206 0.0000000 0.2847777 0.2585853 0.3104288 0.2632475 0.1484448 0.2043942 0.2576974 0.2203597 0.2556823 0.3732857 0.2067573 0.4143104 0.2883179 0.2312241 0.2812522 0.3486622 0.2549304 0.2884077 0.3095895 0.5245658 0.1973762 0.2203597 0.3570898 0.4232176 0.3035786 0.3367550 0.3368424 0.1686637 0.1964873 0.3732857 
Philippe2009_Cyanea_capillata_27804_Gene_0081             0.1933186 0.3550552 0.2815064 0.1764349 0.2337456 0.1748272 0.2452168 0.3771573 0.1942716 0.2847777 0.0000000 0.1930567 0.2530893 0.2015042 0.2709280 0.1734390 0.1538544 0.1783492 0.1562488 0.3154055 0.2190770 0.4092460 0.1706623 0.1326035 0.1762104 0.4282193 0.1502501 0.1538731 0.1912574 0.6503473 0.1984507 0.1783492 0.4156217 0.3025189 0.2200095 0.2371774 0.2226017 0.3428808 0.1733059 0.3154055 
Philippe2009_Danio_rerio_7955_Gene_0081                   0.2641853 0.3216010 0.2671953 0.1592815 0.2644958 0.1546539 0.2243460 0.4244588 0.1738599 0.2585853 0.1930567 0.0000000 0.3418703 0.1781494 0.1790814 0.2000735 0.2059329 0.1815408 0.2801696 0.2659701 0.1297355 0.4542383 0.2403581 0.2340705 0.2796157 0.3821790 0.0597382 0.2066415 0.2358695 0.5862522 0.2274728 0.1815408 0.3019992 0.2269106 0.2711252 0.2868260 0.2267893 0.2481085 0.1801501 0.2659701 
Philippe2009_Daphnia_pulex_6669_Gene_0081                 0.2964108 0.3309930 0.2739770 0.2724209 0.2784910 0.2484715 0.2895154 0.3987789 0.3542952 0.3104288 0.2530893 0.3418703 0.0000000 0.2430781 0.3381345 0.3430982 0.2810061 0.2198781 0.2621598 0.2950584 0.3846479 0.5810793 0.2716049 0.2481785 0.2883913 0.4500260 0.2887773 0.3123060 0.2698532 0.6613737 0.1966119 0.2198781 0.4374779 0.3363545 0.3321618 0.2729255 0.3296395 0.3630900 0.2689393 0.2950584 
Philippe2009_Euperipatoides_kanangrensis_488523_Gene_0081 0.2447024 0.3228099 0.1708778 0.1683465 0.2439083 0.1672181 0.1625086 0.3410085 0.2749370 0.2632475 0.2015042 0.1781494 0.2430781 0.0000000 0.1819259 0.2355986 0.1727125 0.0799191 0.2224436 0.2554082 0.2342454 0.3745187 0.2207979 0.1462562 0.2467764 0.3181153 0.1530455 0.1732851 0.2031379 0.5879963 0.1432270 0.0799191 0.3303244 0.2809450 0.1677785 0.3210704 0.2676688 0.2456671 0.1642831 0.2554082 
Philippe2009_Helobdella_robusta_6412_Gene_0081            0.3453731 0.4471044 0.3630075 0.1924880 0.1949789 0.1244178 0.1001833 0.4551671 0.2538005 0.1484448 0.2709280 0.1790814 0.3381345 0.1819259 0.0000000 0.2172260 0.2469416 0.1419703 0.2652755 0.3863191 0.1980054 0.4179014 0.3197881 0.1702361 0.2898386 0.3427849 0.1989917 0.2477898 0.3703989 0.6213152 0.1435132 0.1419703 0.3306971 0.3873161 0.2356266 0.3768364 0.3170911 0.0581196 0.1205737 0.3863191 
Philippe2009_Hydra_magnipapillata_6087_Gene_0081          0.2204571 0.4144888 0.3122632 0.1856487 0.2263424 0.1695934 0.2604670 0.3389469 0.1947215 0.2043942 0.1734390 0.2000735 0.3430982 0.2355986 0.2172260 0.0000000 0.1646911 0.2380017 0.2439281 0.3475753 0.2330742 0.4029854 0.1970382 0.1422901 0.2684038 0.4873258 0.1504958 0.1647114 0.2959183 0.5520004 0.2374906 0.2380017 0.2756285 0.3699672 0.2906742 0.2729758 0.1851197 0.2861897 0.2185487 0.3475753 
Philippe2009_Hydractinia_echinata_35630_Gene_0081         0.2780912 0.3891086 0.2804130 0.1229781 0.2310441 0.1729713 0.2679457 0.3533424 0.1711013 0.2576974 0.1538544 0.2059329 0.2810061 0.1727125 0.2469416 0.1646911 0.0000000 0.1756636 0.2022731 0.2506608 0.2583633 0.4669392 0.2530416 0.1469586 0.2019364 0.3761585 0.2299442 0.0201344 0.2256437 0.5624480 0.2208205 0.1756636 0.3679220 0.3240773 0.2943533 0.2499770 0.1452111 0.3184968 0.1745421 0.2506608 
Philippe2009_Ixodes_scapularis_6945_Gene_0081             0.2697619 0.3309876 0.2696211 0.1258364 0.1748074 0.1258473 0.1222629 0.3281704 0.2558135 0.2203597 0.1783492 0.1815408 0.2198781 0.0799191 0.1419703 0.2380017 0.1756636 0.0000000 0.1992571 0.2878856 0.2136192 0.4289732 0.2454380 0.0826002 0.2232179 0.3591473 0.2017658 0.1762546 0.2506227 0.6086545 0.0600056 0.0000010 0.3369606 0.2868156 0.2157881 0.3508457 0.2703711 0.2055036 0.1011971 0.2878856 
Philippe2009_Metridium_senile_6116_Gene_0081              0.1321907 0.3673937 0.2291162 0.1764499 0.1789351 0.1770304 0.1987069 0.2901435 0.2615401 0.2556823 0.1562488 0.2801696 0.2621598 0.2224436 0.2652755 0.2439281 0.2022731 0.1992571 0.0000000 0.2642105 0.2195806 0.3406841 0.1093986 0.1795666 0.0404646 0.4597709 0.2555390 0.1756415 0.2324136 0.4631154 0.1991699 0.1992571 0.4164569 0.3184868 0.1775854 0.2815656 0.1992509 0.3359441 0.1721064 0.2642105 
Philippe2009_Mnemiopsis_leidyi_27923_Gene_0081            0.3005988 0.3656999 0.3209145 0.2748133 0.3484123 0.2296868 0.3054266 0.3321704 0.2900084 0.3732857 0.3154055 0.2659701 0.2950584 0.2554082 0.3863191 0.3475753 0.2506608 0.2878856 0.2642105 0.0000000 0.2936710 0.4499259 0.2923664 0.3083588 0.2636779 0.4007990 0.2920287 0.2806747 0.2295421 0.4364687 0.3120975 0.2878856 0.4318407 0.2590061 0.2818600 0.2831063 0.2225164 0.4650818 0.3096084 0.0000010 
Philippe2009_Molgula_tectiformis_30286_Gene_0081          0.2480067 0.3865408 0.3355845 0.1831439 0.2088610 0.1327263 0.1780001 0.4671171 0.1569666 0.2067573 0.2190770 0.1297355 0.3846479 0.2342454 0.1980054 0.2330742 0.2583633 0.2136192 0.2195806 0.2936710 0.0000000 0.4391624 0.2237151 0.2391029 0.2192074 0.3753817 0.1984777 0.2592870 0.2407861 0.5662473 0.2065404 0.2136192 0.4167691 0.2867020 0.2838914 0.3211465 0.3063497 0.2676452 0.1525711 0.2936710 
Philippe2009_Monosiga_brevicollis_81824_Gene_0081         0.3754746 0.5685136 0.4194206 0.4179075 0.4128442 0.3715801 0.4233256 0.5341751 0.5291740 0.4143104 0.4092460 0.4542383 0.5810793 0.3745187 0.4179014 0.4029854 0.4669392 0.4289732 0.3406841 0.4499259 0.4391624 0.0000000 0.3473364 0.4422798 0.3685870 0.5102726 0.3890978 0.4284372 0.3596022 0.4922493 0.4559205 0.4289732 0.4041195 0.6079339 0.4209630 0.5021640 0.4455973 0.4977339 0.4196584 0.4499259 
Philippe2009_Montastraea_faveolata_48498_Gene_0081        0.0200880 0.2475999 0.1775283 0.2258144 0.2350140 0.2225563 0.2444457 0.2105249 0.2013189 0.2883179 0.1706623 0.2403581 0.2716049 0.2207979 0.3197881 0.1970382 0.2530416 0.2454380 0.1093986 0.2923664 0.2237151 0.3473364 0.0000000 0.2024287 0.1323541 0.5373807 0.1913496 0.2246930 0.1970299 0.4943386 0.2448870 0.2454380 0.4059669 0.2033168 0.2012845 0.2442734 0.2008372 0.3936384 0.2495146 0.2923664 
Philippe2009_Nasonia_vitripennis_7425_Gene_0081           0.2266400 0.3645374 0.2741507 0.1208410 0.1820886 0.1294351 0.1470473 0.2678516 0.1759491 0.2312241 0.1326035 0.2340705 0.2481785 0.1462562 0.1702361 0.1422901 0.1469586 0.0826002 0.1795666 0.3083588 0.2391029 0.4422798 0.2024287 0.0000000 0.2037734 0.4020441 0.1811302 0.1469748 0.2807968 0.5577341 0.0824566 0.0826002 0.3262661 0.3201157 0.2229564 0.3082498 0.2128749 0.2371481 0.1274772 0.3083588 
Philippe2009_Nematostella_vectensis_45351_Gene_0081       0.1555221 0.4027718 0.2542508 0.1761757 0.1562266 0.2007830 0.2226672 0.3174596 0.2610212 0.2812522 0.1762104 0.2796157 0.2883913 0.2467764 0.2898386 0.2684038 0.2019364 0.2232179 0.0404646 0.2636779 0.2192074 0.3685870 0.1323541 0.2037734 0.0000000 0.4583809 0.2808436 0.1753705 0.2523283 0.4617431 0.2231279 0.2232179 0.4453588 0.3177629 0.1972338 0.2317430 0.1989251 0.3130437 0.1718471 0.2636779 
Philippe2009_Pedicellina_cernua_43123_Gene_0081           0.5713498 0.4938961 0.4678838 0.3688158 0.3557385 0.3081567 0.3802090 0.6138620 0.4196620 0.3486622 0.4282193 0.3821790 0.4500260 0.3181153 0.3427849 0.4873258 0.3761585 0.3591473 0.4597709 0.4007990 0.3753817 0.5102726 0.5373807 0.4020441 0.4583809 0.0000000 0.4440229 0.4136428 0.4340251 0.6553706 0.3477122 0.3591473 0.5779119 0.4602744 0.4325108 0.4708454 0.4574760 0.3834573 0.2920716 0.4007990 
Philippe2009_Petromyzon_marinus_7757_Gene_0081            0.2141275 0.3376592 0.2165309 0.2058915 0.2606889 0.1526433 0.2438334 0.3870664 0.1967818 0.2549304 0.1502501 0.0597382 0.2887773 0.1530455 0.1989917 0.1504958 0.2299442 0.2017658 0.2555390 0.2920287 0.1984777 0.3890978 0.1913496 0.1811302 0.2808436 0.4440229 0.0000000 0.2299895 0.2168989 0.6198251 0.2471701 0.2017658 0.2690406 0.2768788 0.2511092 0.2889516 0.2256204 0.2673550 0.2516156 0.2920287 
Philippe2009_Podocoryne_carnea_6096_Gene_0081             0.2489868 0.3544975 0.2510580 0.1233658 0.2605616 0.1994594 0.2688595 0.3219825 0.1973746 0.2884077 0.1538731 0.2066415 0.3123060 0.1732851 0.2477898 0.1647114 0.0201344 0.1762546 0.1756415 0.2806747 0.2592870 0.4284372 0.2246930 0.1469748 0.1753705 0.4136428 0.2299895 0.0000000 0.2546294 0.5224340 0.2215641 0.1762546 0.3352868 0.2916529 0.2655697 0.2797267 0.1452267 0.3196017 0.1751242 0.2806747 
Philippe2009_Amphimedon_queenslandica_400682_Gene_0081    0.2205110 0.2928902 0.2622755 0.2464343 0.2816648 0.2209728 0.2705444 0.3866871 0.2643179 0.3095895 0.1912574 0.2358695 0.2698532 0.2031379 0.3703989 0.2959183 0.2256437 0.2506227 0.2324136 0.2295421 0.2407861 0.3596022 0.1970299 0.2807968 0.2523283 0.4340251 0.2168989 0.2546294 0.0000000 0.6097462 0.2736375 0.2506227 0.4074028 0.3008911 0.2709636 0.2513446 0.2203413 0.4453886 0.2917306 0.2295421 
Philippe2009_Rhizopus_oryzae_64495_Gene_0081              0.5000630 0.5230891 0.5810239 0.4511540 0.4846166 0.5790656 0.5937363 0.3226713 0.5148894 0.5245658 0.6503473 0.5862522 0.6613737 0.5879963 0.6213152 0.5520004 0.5624480 0.6086545 0.4631154 0.4364687 0.5662473 0.4922493 0.4943386 0.5577341 0.4617431 0.6553706 0.6198251 0.5224340 0.6097462 0.0000000 0.6049339 0.6086545 0.5104946 0.4764526 0.5001237 0.5902952 0.4570754 0.6099220 0.5553536 0.4364687 
Philippe2009_Saccoglossus_kowalevskii_10224_Gene_0081     0.2691347 0.3301220 0.3161548 0.1688751 0.1503732 0.1042373 0.1012739 0.3537895 0.2552085 0.1973762 0.1984507 0.2274728 0.1966119 0.1432270 0.1435132 0.2374906 0.2208205 0.0600056 0.1991699 0.3120975 0.2065404 0.4559205 0.2448870 0.0824566 0.2231279 0.3477122 0.2471701 0.2215641 0.2736375 0.6049339 0.0000000 0.0600056 0.3872731 0.3368063 0.2412286 0.3012977 0.3168575 0.1648798 0.1022963 0.3120975 
Philippe2009_Scutigera_coleoptrata_29022_Gene_0081        0.2697619 0.3309876 0.2696211 0.1258364 0.1748074 0.1258473 0.1222629 0.3281704 0.2558135 0.2203597 0.1783492 0.1815408 0.2198781 0.0799191 0.1419703 0.2380017 0.1756636 0.0000010 0.1992571 0.2878856 0.2136192 0.4289732 0.2454380 0.0826002 0.2232179 0.3591473 0.2017658 0.1762546 0.2506227 0.6086545 0.0600056 0.0000000 0.3369606 0.2868156 0.2157881 0.3508457 0.2703711 0.2055036 0.1011971 0.2878856 
Philippe2009_Sphaeroforma_arctica_72019_Gene_0081         0.4350664 0.4571280 0.3056820 0.3268593 0.3793319 0.3408168 0.4103429 0.3981634 0.4061713 0.3570898 0.4156217 0.3019992 0.4374779 0.3303244 0.3306971 0.2756285 0.3679220 0.3369606 0.4164569 0.4318407 0.4167691 0.4041195 0.4059669 0.3262661 0.4453588 0.5779119 0.2690406 0.3352868 0.4074028 0.5104946 0.3872731 0.3369606 0.0000000 0.3969008 0.3921559 0.5024322 0.3856937 0.4062855 0.3850200 0.4318407 
Philippe2009_Spizellomyces_punctatus_109760_Gene_0081     0.1789669 0.1077887 0.2071361 0.3142831 0.4262835 0.3139787 0.3582170 0.2037739 0.2100587 0.4232176 0.3025189 0.2269106 0.3363545 0.2809450 0.3873161 0.3699672 0.3240773 0.2868156 0.3184868 0.2590061 0.2867020 0.6079339 0.2033168 0.3201157 0.3177629 0.4602744 0.2768788 0.2916529 0.3008911 0.4764526 0.3368063 0.2868156 0.3969008 0.0000000 0.2535267 0.3019137 0.2880933 0.4666911 0.3101133 0.2590061 
Philippe2009_Strongylocentrotus_purpuratus_7668_Gene_0081 0.2253443 0.3222793 0.2230685 0.2861419 0.2836216 0.2204029 0.2153594 0.2713680 0.3036515 0.3035786 0.2200095 0.2711252 0.3321618 0.1677785 0.2356266 0.2906742 0.2943533 0.2157881 0.1775854 0.2818600 0.2838914 0.4209630 0.2012845 0.2229564 0.1972338 0.4325108 0.2511092 0.2655697 0.2709636 0.5001237 0.2412286 0.2157881 0.3921559 0.2535267 0.0000000 0.2990775 0.2898334 0.2834818 0.2339680 0.2818600 
Philippe2009_Sycon_raphanus_56443_Gene_0081               0.2684393 0.3214376 0.3593024 0.3494943 0.3100779 0.2940133 0.3978630 0.4159263 0.2921879 0.3367550 0.2371774 0.2868260 0.2729255 0.3210704 0.3768364 0.2729758 0.2499770 0.3508457 0.2815656 0.2831063 0.3211465 0.5021640 0.2442734 0.3082498 0.2317430 0.4708454 0.2889516 0.2797267 0.2513446 0.5902952 0.3012977 0.3508457 0.5024322 0.3019137 0.2990775 0.0000000 0.2475454 0.3518799 0.3231906 0.2831063 
Philippe2009_Trichoplax_adhaerens_10228_Gene_0081         0.2247968 0.3710134 0.2782312 0.1658812 0.3078238 0.2919542 0.3165691 0.2686918 0.2894416 0.3368424 0.2226017 0.2267893 0.3296395 0.2676688 0.3170911 0.1851197 0.1452111 0.2703711 0.1992509 0.2225164 0.3063497 0.4455973 0.2008372 0.2128749 0.1989251 0.4574760 0.2256204 0.1452267 0.2203413 0.4570754 0.3168575 0.2703711 0.3856937 0.2880933 0.2898334 0.2475454 0.0000000 0.3902258 0.2682359 0.2225164 
Philippe2009_Tubifex_tubifex_6386_Gene_0081               0.4201954 0.4743484 0.4363154 0.2599883 0.1705899 0.1891521 0.1624817 0.5135823 0.3273653 0.1686637 0.3428808 0.2481085 0.3630900 0.2456671 0.0581196 0.2861897 0.3184968 0.2055036 0.3359441 0.4650818 0.2676452 0.4977339 0.3936384 0.2371481 0.3130437 0.3834573 0.2673550 0.3196017 0.4453886 0.6099220 0.1648798 0.2055036 0.4062855 0.4666911 0.2834818 0.3518799 0.3902258 0.0000000 0.1833090 0.4650818 
Philippe2009_Xenoturbella_bocki_242395_Gene_0081          0.2743180 0.3931304 0.3475974 0.1037135 0.1513606 0.1269165 0.1009926 0.3917302 0.2058185 0.1964873 0.1733059 0.1801501 0.2689393 0.1642831 0.1205737 0.2185487 0.1745421 0.1011971 0.1721064 0.3096084 0.1525711 0.4196584 0.2495146 0.1274772 0.1718471 0.2920716 0.2516156 0.1751242 0.2917306 0.5553536 0.1022963 0.1011971 0.3850200 0.3101133 0.2339680 0.3231906 0.2682359 0.1833090 0.0000000 0.3096084 
Philippe2009_Mertensiid_sp_140499_Gene_0081               0.3005988 0.3656999 0.3209145 0.2748133 0.3484123 0.2296868 0.3054266 0.3321704 0.2900084 0.3732857 0.3154055 0.2659701 0.2950584 0.2554082 0.3863191 0.3475753 0.2506608 0.2878856 0.2642105 0.0000010 0.2936710 0.4499259 0.2923664 0.3083588 0.2636779 0.4007990 0.2920287 0.2806747 0.2295421 0.4364687 0.3120975 0.2878856 0.4318407 0.2590061 0.2818600 0.2831063 0.2225164 0.4650818 0.3096084 0.0000000 
